VRPTEST 1.0
COMMENT: descr: Modified tsplib for the OBP
COMMENT: Best known objective: 4808.045
COMMENT: Computational time (s): 1138.67552
NAME: c897_1696
NUM_CAPACITIES: 1
NUM_VISITS: 897
NUM_VEHICLES: 20
CAPACITIES: 28
DATA_SECTION
DEPOTS
  0
  1
VISIT_LOCATION_SECTION
  2 1699
  3 2090
  4 2150
  5 962
  6 397
  7 978
  8 1946
  9 368
  10 1093
  11 1195
  12 2064
  13 594
  14 1318
  15 1808
  16 1618
  17 1113
  18 1135
  19 1903
  20 670
  21 1062
  22 1557
  23 1767
  24 1676
  25 1606
  26 994
  27 288
  28 42
  29 956
  30 691
  31 1533
  32 491
  33 830
  34 1117
  35 622
  36 249
  37 1959
  38 834
  39 582
  40 1424
  41 256
  42 182
  43 517
  44 1188
  45 1383
  46 1243
  47 1911
  48 1244
  49 1819
  50 1459
  51 39
  52 1487
  53 1759
  54 1471
  55 579
  56 1971
  57 1219
  58 1711
  59 241
  60 1030
  61 1541
  62 1900
  63 856
  64 1551
  65 74
  66 234
  67 1503
  68 2058
  69 1930
  70 823
  71 882
  72 1145
  73 471
  74 202
  75 1876
  76 1079
  77 363
  78 470
  79 951
  80 1355
  81 2034
  82 464
  83 1366
  84 1969
  85 1532
  86 656
  87 1922
  88 1830
  89 1302
  90 842
  91 716
  92 1054
  93 2159
  94 1984
  95 1376
  96 216
  97 107
  98 1374
  99 1158
  100 1728
  101 871
  102 113
  103 211
  104 2130
  105 812
  106 403
  107 1405
  108 1130
  109 444
  110 1384
  111 1146
  112 1083
  113 551
  114 1457
  115 356
  116 817
  117 680
  118 402
  119 381
  120 297
  121 967
  122 1009
  123 1248
  124 766
  125 254
  126 47
  127 422
  128 296
  129 1708
  130 300
  131 443
  132 2013
  133 863
  134 1345
  135 1979
  136 2112
  137 599
  138 1250
  139 1573
  140 1393
  141 1771
  142 669
  143 1809
  144 739
  145 1899
  146 1792
  147 1865
  148 893
  149 264
  150 2055
  151 532
  152 1175
  153 1845
  154 1484
  155 1104
  156 2158
  157 1269
  158 1821
  159 2087
  160 1603
  161 1242
  162 335
  163 4
  164 2108
  165 603
  166 1694
  167 354
  168 986
  169 1549
  170 2165
  171 1412
  172 2119
  173 214
  174 602
  175 2
  176 1276
  177 1560
  178 1305
  179 455
  180 1184
  181 2011
  182 1528
  183 1537
  184 2083
  185 1867
  186 324
  187 1679
  188 685
  189 2123
  190 1635
  191 1989
  192 1818
  193 606
  194 568
  195 711
  196 1924
  197 70
  198 1385
  199 898
  200 1653
  201 8
  202 1778
  203 396
  204 2008
  205 303
  206 1056
  207 3
  208 1436
  209 2029
  210 619
  211 1156
  212 380
  213 1905
  214 1239
  215 476
  216 375
  217 428
  218 174
  219 1259
  220 392
  221 920
  222 314
  223 1933
  224 281
  225 552
  226 331
  227 1047
  228 1108
  229 1080
  230 988
  231 352
  232 1464
  233 1198
  234 948
  235 65
  236 1189
  237 943
  238 586
  239 1642
  240 1317
  241 1161
  242 2067
  243 1685
  244 2035
  245 2070
  246 1840
  247 541
  248 572
  249 277
  250 1870
  251 1910
  252 2050
  253 287
  254 1539
  255 1432
  256 457
  257 2082
  258 1698
  259 743
  260 1249
  261 1441
  262 2068
  263 1587
  264 379
  265 576
  266 1556
  267 654
  268 2080
  269 1490
  270 630
  271 965
  272 855
  273 781
  274 759
  275 209
  276 2017
  277 2131
  278 24
  279 681
  280 1452
  281 1790
  282 438
  283 940
  284 1228
  285 1637
  286 210
  287 67
  288 1261
  289 1132
  290 1709
  291 1050
  292 1710
  293 1666
  294 1962
  295 1035
  296 123
  297 1633
  298 424
  299 850
  300 447
  301 1478
  302 2085
  303 20
  304 1621
  305 1670
  306 514
  307 1576
  308 197
  309 1410
  310 960
  311 895
  312 828
  313 1326
  314 2053
  315 1431
  316 949
  317 1814
  318 17
  319 660
  320 1230
  321 1252
  322 556
  323 2121
  324 1626
  325 1915
  326 1531
  327 1580
  328 502
  329 121
  330 957
  331 1439
  332 1107
  333 122
  334 2132
  335 44
  336 1834
  337 139
  338 1380
  339 1212
  340 527
  341 888
  342 1251
  343 764
  344 505
  345 462
  346 1310
  347 340
  348 1682
  349 1499
  350 581
  351 1757
  352 736
  353 159
  354 954
  355 478
  356 1231
  357 1116
  358 1949
  359 1387
  360 540
  361 56
  362 1991
  363 2059
  364 1643
  365 2028
  366 1192
  367 1544
  368 923
  369 1396
  370 1718
  371 1045
  372 590
  373 991
  374 157
  375 2110
  376 608
  377 565
  378 419
  379 536
  380 456
  381 1855
  382 1563
  383 587
  384 383
  385 1517
  386 1881
  387 339
  388 1211
  389 544
  390 1498
  391 1658
  392 750
  393 1953
  394 328
  395 346
  396 2117
  397 1381
  398 1609
  399 1640
  400 979
  401 1545
  402 432
  403 607
  404 98
  405 1460
  406 1435
  407 1462
  408 1636
  409 1897
  410 1547
  411 2146
  412 452
  413 1744
  414 891
  415 1611
  416 1402
  417 719
  418 809
  419 732
  420 52
  421 1216
  422 430
  423 592
  424 1742
  425 1939
  426 1003
  427 1154
  428 1768
  429 345
  430 1363
  431 1155
  432 79
  433 1923
  434 1081
  435 1794
  436 401
  437 439
  438 1329
  439 1283
  440 1507
  441 232
  442 484
  443 1664
  444 1846
  445 664
  446 917
  447 668
  448 1370
  449 1756
  450 1307
  451 645
  452 1712
  453 2032
  454 787
  455 1164
  456 665
  457 320
  458 1954
  459 936
  460 83
  461 1833
  462 1986
  463 1901
  464 431
  465 2115
  466 1677
  467 548
  468 1187
  469 1928
  470 15
  471 347
  472 1467
  473 243
  474 2072
  475 420
  476 705
  477 1748
  478 1975
  479 1185
  480 2164
  481 1594
  482 1271
  483 2066
  484 1086
  485 2006
  486 138
  487 909
  488 1650
  489 64
  490 1142
  491 73
  492 1382
  493 1270
  494 1793
  495 1513
  496 1525
  497 1180
  498 2002
  499 1334
  500 644
  501 650
  502 86
  503 81
  504 1190
  505 786
  506 2071
  507 990
  508 748
  509 1506
  510 1197
  511 1367
  512 1625
  513 1020
  514 1351
  515 1955
  516 435
  517 929
  518 43
  519 2079
  520 683
  521 2039
  522 1350
  523 779
  524 313
  525 997
  526 741
  527 1480
  528 1665
  529 185
  530 395
  531 839
  532 1085
  533 36
  534 224
  535 1038
  536 1887
  537 1558
  538 625
  539 1701
  540 875
  541 614
  542 90
  543 733
  544 1631
  545 1974
  546 840
  547 674
  548 184
  549 58
  550 1729
  551 372
  552 2095
  553 1313
  554 1983
  555 1333
  556 1266
  557 1234
  558 879
  559 175
  560 440
  561 1292
  562 282
  563 1163
  564 394
  565 2077
  566 1300
  567 729
  568 1423
  569 1450
  570 1174
  571 142
  572 870
  573 1328
  574 400
  575 1272
  576 1166
  577 983
  578 1877
  579 1779
  580 1094
  581 1981
  582 796
  583 465
  584 877
  585 2170
  586 1797
  587 838
  588 136
  589 1961
  590 1894
  591 364
  592 1864
  593 429
  594 1675
  595 1801
  596 866
  597 1341
  598 1936
  599 488
  600 163
  601 512
  602 924
  603 976
  604 714
  605 1820
  606 129
  607 336
  608 493
  609 725
  610 1885
  611 448
  612 1201
  613 1015
  614 1601
  615 1917
  616 634
  617 1282
  618 459
  619 160
  620 1223
  621 1942
  622 1999
  623 1583
  624 735
  625 101
  626 2127
  627 807
  628 1724
  629 1176
  630 1420
  631 1274
  632 451
  633 1966
  634 872
  635 520
  636 446
  637 646
  638 632
  639 595
  640 226
  641 350
  642 242
  643 1394
  644 605
  645 694
  646 1238
  647 710
  648 2045
  649 952
  650 577
  651 629
  652 1860
  653 966
  654 1196
  655 785
  656 1967
  657 1862
  658 2027
  659 1772
  660 218
  661 1604
  662 1000
  663 1210
  664 454
  665 1267
  666 611
  667 1134
  668 334
  669 215
  670 1838
  671 1739
  672 1786
  673 647
  674 819
  675 225
  676 1422
  677 191
  678 641
  679 984
  680 365
  681 260
  682 1705
  683 1335
  684 1575
  685 777
  686 176
  687 1890
  688 531
  689 789
  690 1577
  691 1927
  692 72
  693 853
  694 1941
  695 1608
  696 642
  697 1064
  698 140
  699 701
  700 1491
  701 94
  702 250
  703 1103
  704 266
  705 2036
  706 1691
  707 904
  708 588
  709 1546
  710 285
  711 1111
  712 292
  713 1275
  714 133
  715 841
  716 1602
  717 1245
  718 290
  719 2078
  720 657
  721 416
  722 1746
  723 1010
  724 1721
  725 57
  726 1173
  727 692
  728 2046
  729 1717
  730 1500
  731 255
  732 1514
  733 1074
  734 1693
  735 921
  736 1458
  737 1373
  738 2101
  739 2061
  740 496
  741 1344
  742 1152
  743 1288
  744 2040
  745 1995
  746 1203
  747 1929
  748 1595
  749 570
  750 880
  751 54
  752 667
  753 253
  754 1678
  755 1233
  756 2065
  757 890
  758 2163
  759 515
  760 442
  761 1414
  762 1359
  763 1361
  764 342
  765 199
  766 75
  767 987
  768 700
  769 783
  770 144
  771 1832
  772 509
  773 2113
  774 560
  775 814
  776 554
  777 1133
  778 1386
  779 2060
  780 1407
  781 1193
  782 6
  783 1097
  784 1615
  785 1067
  786 1477
  787 950
  788 1891
  789 561
  790 1129
  791 1505
  792 1217
  793 1336
  794 236
  795 1863
  796 1638
  797 286
  798 19
  799 1222
  800 135
  801 1579
  802 755
  803 857
  804 2076
  805 2037
  806 530
  807 2030
  808 230
  809 1472
  810 1510
  811 1451
  812 1397
  813 1322
  814 34
  815 1139
  816 1671
COMMENT: TIMESTEP: 1
ORDERS_SECTION
  1 2
  2 3
  3 4
  4 5
  5 6
  6 7
  7 8
  8 9 10
  9 11 12
  10 13
  11 14
  12 15 16
  13 17 18
  14 19
  15 20 271
  16 21
  17 22
  18 23
  19 24
  20 25 26 106
  21 27 28 461
  22 29
  23 30 31
  24 32
  25 33
  26 34 225 287
  27 35 36
  28 37
  29 38 39
  30 40 41
  31 42
  32 43 44
  33 45 46
  34 47 48
  35 49
  36 50 51
  37 52
  38 53 54
  39 55 56
  40 57
  41 58
  42 59
  43 60
  44 61
  45 62 63 125
  46 64
  47 65 66
  48 67 68
  49 69 70 245
  50 71 72
  51 73 74 390
  52 75 76
  53 77 78
  54 79 80
  55 81
  56 82
  57 83 84
  58 85 86
  59 87
  60 88 89
  61 90 91
  62 92
  63 93 94
  64 95 96
  65 97 98 106
  66 99
  67 100
  68 101
  69 102 103
  70 104
  71 105 106
  72 107 108
  73 109 110
  74 111 112
  75 113
  76 114 115
  77 116 117
  78 118 119 755 207
  79 120 121 694
  80 122
  81 123
  82 124 125
  83 126
  84 127
  85 128
  86 129
  87 130
  88 131 132
  89 133
  90 134
  91 135
  92 136 137 210
  93 138
  94 139
  95 140 141
  96 142
  97 143 144
  98 145 146
  99 147 148
  100 149
  101 150 151
  102 152
  103 153
  104 154 155
  105 156 157
  106 158 159
  107 160 161
  108 162 163
  109 164
  110 165
  111 166
  112 167 168
  113 169 170
  114 171 172
  115 173
  116 174 175
  117 176 177
  118 178 179
  119 180
  120 181 182 324
  121 183
  122 184 185
  123 186
  124 187 188
  125 189
  126 190 777
  127 191 192
  128 193 194
  129 195 196 322
  130 197 198
  131 199 200
  132 201 202
  133 203
  134 204
  135 205 206
  136 207
  137 208 619
  138 209 210 217
  139 211 457
  140 212 213
  141 214
  142 215 216
  143 217
  144 218
  145 219
  146 220
  147 221
  148 222 223
  149 224
  150 225 226
  151 227
  152 228
  153 229
  154 230
  155 231 232
  156 233
  157 234 235 555
  158 236
  159 237
  160 238 239
  161 240 684
  162 241
  163 242
  164 243 244
  165 245 246
  166 247
  167 248 249 92
  168 250
  169 251 752
  170 252 253
  171 254 255
  172 256 188
  173 257 258
  174 259 260
  175 261 786
  176 262 263 14
  177 264 265
  178 266
  179 267 268
  180 269
  181 270 666
  182 271 272
  183 273 274
  184 275 276 739
  185 277 278
  186 279 280 294
  187 281 282
  188 283 284 49
  189 285 286
  190 287 288
  191 289
  192 290
  193 291 292 387
  194 293 769 651
  195 294
  196 295 296 163
  197 297
  198 298 418
  199 299
  200 300 301
  201 302 303
  202 304
  203 305 306
  204 307 308
  205 309
  206 310 14
  207 311 312
  208 313 314
  209 315 316
  210 317
  211 318
  212 319 320
  213 321 322
  214 323 324
  215 325
  216 326
  217 327 328
  218 329 330
  219 331
  220 332
  221 333
  222 334 335 461
  223 336 337 504
  224 338 339
  225 340
  226 341
  227 342 343
  228 344 345
  229 346 347 597
  230 348 349
  231 350 351
  232 352
  233 353 354 678
  234 355
  235 356 357 261
  236 358 359 375
  237 360
  238 361
  239 362 363
  240 364 365
  241 366
  242 367
  243 368 369
  244 370 371
  245 372 373
  246 374
  247 375 376
  248 377
  249 378
  250 379 380
  251 381
  252 382
  253 383
  254 384
  255 385 386
  256 387
  257 388
  258 389 390
  259 391 392 8
  260 393
  261 394 395 288
  262 396
  263 397 418
  264 398 399 407
  265 400 401 269
  266 402 403
  267 404 405
  268 406 407
  269 408
  270 409 410
  271 411 412
  272 413
  273 414
  274 415 642
  275 416 417
  276 418
  277 419
  278 420 421
  279 422 423
  280 424 476
  281 425
  282 426 427
  283 428 429 217 622
  284 430 431
  285 432
  286 433
  287 434 435
  288 436
  289 437
  290 438
  291 439
  292 440
  293 441 442
  294 443
  295 444 445
  296 446 447
  297 448
  298 449 450
  299 451
  300 452
  301 453 454
  302 455 456
  303 457 458
  304 459 460
  305 461
  306 462 463 680
  307 464
  308 465
  309 466
  310 467 468
  311 469 470
  312 471 472
  313 473 474
  314 475 476
  315 477 478
  316 479 480
  317 481 482
  318 483
  319 484 485
  320 486 487
  321 488
  322 489 490
  323 491
  324 492 493
  325 494
  326 495
  327 496 497
  328 498
  329 499
  330 500 501
  331 502 503
  332 504
  333 505 506
  334 507
  335 508
  336 509
  337 510
  338 511 512
  339 513
  340 514 515 752
  341 516 517
  342 518
  343 519
  344 520 521
  345 522
  346 523
  347 524 525
  348 526 527
  349 528 529 732
  350 530 514
  351 531
  352 532
  353 533
  354 534 535
  355 536
  356 537 538
  357 539 540
  358 541 542 464 12
  359 543
  360 544 545
  361 546
  362 547 548
  363 549
  364 550
  365 551
  366 552
  367 553
  368 554 555
  369 556
  370 557 558 767
  371 559 560
  372 561 562
  373 563
  374 564 565
  375 566 567
  376 568 569
  377 570
  378 571
  379 572
  380 573
  381 574 575
  382 576 577
  383 578
  384 579 580
  385 581 582
  386 583 584 635
  387 585
  388 586
  389 587 588 218
  390 589 135
  391 590 591
  392 592 593
  393 594 310
  394 595 596
  395 597 675
  396 598 599
  397 600 601
  398 602
  399 603
  400 604 605
  401 606 607
  402 608
  403 609 610
  404 611 612 779
  405 613 499
  406 614
  407 615
  408 616 617 322
  409 618 619
  410 620 621
  411 622 623
  412 624 625
  413 626 627
  414 628 629 707
  415 630 631
  416 632
  417 633
  418 634
  419 635
  420 636 637
  421 638
  422 639 640
  423 641 642
  424 643 644
  425 645
  426 646
  427 647 648
  428 649
  429 650 651
  430 652 653 85
  431 654
  432 655
  433 656
  434 657
  435 658
  436 659
  437 660
  438 661
  439 662
  440 663
  441 664 665
  442 666 667
  443 668 669
  444 670 671
  445 672 673
  446 674
  447 675 676
  448 677
  449 678
  450 679 680
  451 681
  452 682 683
  453 684 685 218
  454 686 687
  455 688 689 610
  456 690 691
  457 692 693
  458 694
  459 695 696
  460 697 698
  461 699
  462 700
  463 701
  464 702 703
  465 704
  466 705 706
  467 707
  468 708 709
  469 710 711
  470 712 713
  471 714 715
  472 716
  473 717 718
  474 719
  475 720
  476 721 722 414
  477 723 724
  478 725
  479 726 727
  480 728
  481 729 730
  482 731 732
  483 733 734
  484 735
  485 736
  486 737
  487 738 739
  488 740
  489 741 742
  490 743 744
  491 745 191
  492 746
  493 747
  494 748 749
  495 750 562
  496 751 752 678
  497 753 754 345 793
  498 755
  499 756 757
  500 758
  501 759 760
  502 761
  503 762 763
  504 764 765
  505 766
  506 767 768
  507 769
  508 770
  509 771 772
  510 773 774
  511 775 776
  512 777 489
  513 778
  514 779
  515 780 781
  516 782 783
  517 784
  518 785
  519 786
  520 787
  521 788
  522 789
  523 790 791
  524 792
  525 793
  526 794 795
  527 796 797
  528 798
  529 799 800 794
  530 801 802
  531 803 804
  532 805 806
  533 807
  534 808 809
  535 810
  536 811 739
  537 812 813
  538 814 528
  539 815 605
  540 816 399
TIME_AVAIL_SECTION
  1 1
  2 1
  3 1
  4 1
  5 1
  6 1
  7 1
  8 1
  9 1
  10 1
  11 1
  12 1
  13 1
  14 1
  15 1
  16 1
  17 1
  18 1
  19 1
  20 1
  21 1
  22 1
  23 1
  24 1
  25 1
  26 1
  27 1
  28 1
  29 1
  30 1
  31 1
  32 1
  33 1
  34 1
  35 1
  36 1
  37 1
  38 1
  39 1
  40 1
  41 1
  42 1
  43 1
  44 1
  45 1
  46 1
  47 1
  48 1
  49 1
  50 1
  51 1
  52 1
  53 1
  54 1
  55 1
  56 1
  57 1
  58 1
  59 1
  60 1
  61 1
  62 1
  63 1
  64 1
  65 1
  66 1
  67 1
  68 1
  69 1
  70 1
  71 1
  72 1
  73 1
  74 1
  75 1
  76 1
  77 1
  78 1
  79 1
  80 1
  81 1
  82 1
  83 1
  84 1
  85 1
  86 1
  87 1
  88 1
  89 1
  90 1
  91 1
  92 1
  93 1
  94 1
  95 1
  96 1
  97 1
  98 1
  99 1
  100 1
  101 1
  102 1
  103 1
  104 1
  105 1
  106 1
  107 1
  108 1
  109 1
  110 1
  111 1
  112 1
  113 1
  114 1
  115 1
  116 1
  117 1
  118 1
  119 1
  120 1
  121 1
  122 1
  123 1
  124 1
  125 1
  126 1
  127 1
  128 1
  129 1
  130 1
  131 1
  132 1
  133 1
  134 1
  135 1
  136 1
  137 1
  138 1
  139 1
  140 1
  141 1
  142 1
  143 1
  144 1
  145 1
  146 1
  147 1
  148 1
  149 1
  150 1
  151 1
  152 1
  153 1
  154 1
  155 1
  156 1
  157 1
  158 1
  159 1
  160 1
  161 1
  162 1
  163 1
  164 1
  165 1
  166 1
  167 1
  168 1
  169 1
  170 1
  171 1
  172 1
  173 1
  174 1
  175 1
  176 1
  177 1
  178 1
  179 1
  180 1
  181 1
  182 1
  183 1
  184 1
  185 1
  186 1
  187 1
  188 1
  189 1
  190 1
  191 1
  192 1
  193 1
  194 1
  195 1
  196 1
  197 1
  198 1
  199 1
  200 1
  201 1
  202 1
  203 1
  204 1
  205 1
  206 1
  207 1
  208 1
  209 1
  210 1
  211 1
  212 1
  213 1
  214 1
  215 1
  216 1
  217 1
  218 1
  219 1
  220 1
  221 1
  222 1
  223 1
  224 1
  225 1
  226 1
  227 1
  228 1
  229 1
  230 1
  231 1
  232 1
  233 1
  234 1
  235 1
  236 1
  237 1
  238 1
  239 1
  240 1
  241 1
  242 1
  243 1
  244 1
  245 1
  246 1
  247 1
  248 1
  249 1
  250 1
  251 1
  252 1
  253 1
  254 1
  255 1
  256 1
  257 1
  258 1
  259 1
  260 1
  261 1
  262 1
  263 1
  264 1
  265 1
  266 1
  267 1
  268 1
  269 1
  270 1
  271 1
  272 1
  273 1
  274 1
  275 1
  276 1
  277 1
  278 1
  279 1
  280 1
  281 1
  282 1
  283 1
  284 1
  285 1
  286 1
  287 1
  288 1
  289 1
  290 1
  291 1
  292 1
  293 1
  294 1
  295 1
  296 1
  297 1
  298 1
  299 1
  300 1
  301 1
  302 1
  303 1
  304 1
  305 1
  306 1
  307 1
  308 1
  309 1
  310 1
  311 1
  312 1
  313 1
  314 1
  315 1
  316 1
  317 1
  318 1
  319 1
  320 1
  321 1
  322 1
  323 1
  324 1
  325 1
  326 1
  327 1
  328 1
  329 1
  330 1
  331 1
  332 1
  333 1
  334 1
  335 1
  336 1
  337 1
  338 1
  339 1
  340 1
  341 1
  342 1
  343 1
  344 1
  345 1
  346 1
  347 1
  348 1
  349 1
  350 1
  351 1
  352 1
  353 1
  354 1
  355 1
  356 1
  357 1
  358 1
  359 1
  360 1
  361 1
  362 1
  363 1
  364 1
  365 1
  366 1
  367 1
  368 1
  369 1
  370 1
  371 1
  372 1
  373 1
  374 1
  375 1
  376 1
  377 1
  378 1
  379 1
  380 1
  381 1
  382 1
  383 1
  384 1
  385 1
  386 1
  387 1
  388 1
  389 1
  390 1
  391 1
  392 1
  393 1
  394 1
  395 1
  396 1
  397 1
  398 1
  399 1
  400 1
  401 1
  402 1
  403 1
  404 1
  405 1
  406 1
  407 1
  408 1
  409 1
  410 1
  411 1
  412 1
  413 1
  414 1
  415 1
  416 1
  417 1
  418 1
  419 1
  420 1
  421 1
  422 1
  423 1
  424 1
  425 1
  426 1
  427 1
  428 1
  429 1
  430 1
  431 1
  432 1
  433 1
  434 1
  435 1
  436 1
  437 1
  438 1
  439 1
  440 1
  441 1
  442 1
  443 1
  444 1
  445 1
  446 1
  447 1
  448 1
  449 1
  450 1
  451 1
  452 1
  453 1
  454 1
  455 1
  456 1
  457 1
  458 1
  459 1
  460 1
  461 1
  462 1
  463 1
  464 1
  465 1
  466 1
  467 1
  468 1
  469 1
  470 1
  471 1
  472 1
  473 1
  474 1
  475 1
  476 1
  477 1
  478 1
  479 1
  480 1
  481 1
  482 1
  483 1
  484 1
  485 1
  486 1
  487 1
  488 1
  489 1
  490 1
  491 1
  492 1
  493 1
  494 1
  495 1
  496 1
  497 1
  498 1
  499 1
  500 1
  501 1
  502 1
  503 1
  504 1
  505 1
  506 1
  507 1
  508 1
  509 1
  510 1
  511 1
  512 1
  513 1
  514 1
  515 1
  516 1
  517 1
  518 1
  519 1
  520 1
  521 1
  522 1
  523 1
  524 1
  525 1
  526 1
  527 1
  528 1
  529 1
  530 1
  531 1
  532 1
  533 1
  534 1
  535 1
  536 1
  537 1
  538 1
  539 1
  540 1
EOF
