VRPTEST 1.0
COMMENT: descr: Modified tsplib for the OBP
COMMENT: Best known objective: 8818.541
COMMENT: Computational time (s): 1747.5373159999997
NAME: c1155_e7f5
NUM_CAPACITIES: 1
NUM_VISITS: 1155
NUM_VEHICLES: 39
CAPACITIES: 13
DATA_SECTION
DEPOTS
  0
  1
VISIT_LOCATION_SECTION
  2 1295
  3 152
  4 1707
  5 800
  6 1594
  7 211
  8 422
  9 1296
  10 509
  11 1015
  12 2150
  13 163
  14 1259
  15 270
  16 1901
  17 1971
  18 579
  19 1955
  20 1942
  21 1791
  22 585
  23 1631
  24 698
  25 550
  26 318
  27 390
  28 680
  29 1840
  30 1538
  31 2130
  32 456
  33 674
  34 215
  35 681
  36 1677
  37 2066
  38 51
  39 705
  40 186
  41 1986
  42 1999
  43 354
  44 790
  45 2165
  46 1868
  47 1637
  48 976
  49 485
  50 243
  51 1638
  52 1056
  53 1423
  54 1548
  55 1236
  56 1189
  57 522
  58 1843
  59 1114
  60 65
  61 241
  62 570
  63 1416
  64 1814
  65 18
  66 24
  67 1769
  68 256
  69 150
  70 1785
  71 1305
  72 986
  73 1747
  74 1143
  75 288
  76 552
  77 597
  78 843
  79 1811
  80 80
  81 947
  82 1759
  83 624
  84 1094
  85 1195
  86 1384
  87 1312
  88 641
  89 71
  90 1975
  91 2145
  92 1507
  93 70
  94 603
  95 689
  96 898
  97 1198
  98 1617
  99 460
  100 357
  101 1976
  102 606
  103 2004
  104 669
  105 951
  106 1141
  107 494
  108 937
  109 826
  110 1132
  111 645
  112 10
  113 869
  114 917
  115 375
  116 2039
  117 2116
  118 1417
  119 1398
  120 245
  121 971
  122 418
  123 1625
  124 276
  125 1089
  126 596
  127 1078
  128 483
  129 1778
  130 252
  131 342
  132 146
  133 44
  134 1876
  135 1806
  136 1491
  137 1480
  138 745
  139 124
  140 662
  141 1838
  142 113
  143 29
  144 2147
  145 56
  146 775
  147 1575
  148 1239
  149 915
  150 336
  151 1872
  152 1989
  153 1131
  154 1311
  155 1602
  156 1669
  157 2168
  158 1118
  159 1922
  160 1655
  161 677
  162 356
  163 1210
  164 1298
  165 1710
  166 625
  167 1151
  168 437
  169 1426
  170 127
  171 429
  172 1251
  173 2070
  174 16
  175 1161
  176 1529
  177 1092
  178 864
  179 1832
  180 1588
  181 103
  182 972
  183 73
  184 1466
  185 630
  186 934
  187 893
  188 1709
  189 676
  190 1732
  191 1949
  192 907
  193 664
  194 102
  195 1393
  196 675
  197 424
  198 2156
  199 239
  200 2141
  201 111
  202 1374
  203 620
  204 922
  205 294
  206 2072
  207 517
  208 1415
  209 584
  210 547
  211 886
  212 1275
  213 1936
  214 1080
  215 762
  216 556
  217 594
  218 1983
  219 2120
  220 1673
  221 598
  222 1007
  223 760
  224 2161
  225 1856
  226 1276
  227 317
  228 713
  229 37
  230 1212
  231 2109
  232 2158
  233 1924
  234 1009
  235 465
  236 1059
  237 923
  238 3
  239 924
  240 812
  241 1498
  242 728
  243 774
  244 191
  245 1086
  246 298
  247 1763
  248 1363
  249 925
  250 1386
  251 2149
  252 1744
  253 600
  254 1116
  255 1326
  256 1104
  257 1399
  258 331
  259 2053
  260 1850
  261 726
  262 773
  263 1913
  264 105
  265 2037
  266 1242
  267 2050
  268 875
  269 1453
  270 1410
  271 435
  272 403
  273 691
  274 777
  275 257
  276 646
  277 666
  278 1720
  279 410
  280 1977
  281 1411
  282 1560
  283 441
  284 1993
  285 1674
  286 1513
  287 1858
  288 975
  289 158
  290 1846
  291 1995
  292 1653
  293 2029
  294 316
  295 1072
  296 930
  297 1484
  298 402
  299 2048
  300 119
  301 220
  302 1878
  303 1380
  304 1265
  305 397
  306 1851
  307 1286
  308 1561
  309 1091
  310 909
  311 1282
  312 1789
  313 1919
  314 632
  315 827
  316 1877
  317 33
  318 1686
  319 1030
  320 1711
  321 234
  322 1451
  323 2024
  324 1396
  325 132
  326 81
  327 2170
  328 711
  329 1412
  330 1817
  331 373
  332 1211
  333 1353
  334 1595
  335 1108
  336 944
  337 1476
  338 1280
  339 2067
  340 1797
  341 1887
  342 1985
  343 660
  344 905
  345 743
  346 1741
  347 960
  348 1361
  349 117
  350 1419
  351 2057
  352 1807
  353 75
  354 731
  355 1905
  356 1175
  357 1074
  358 918
  359 447
  360 854
  361 857
  362 741
  363 1084
  364 701
  365 1183
  366 143
  367 1926
  368 561
  369 1743
  370 255
  371 363
  372 199
  373 212
  374 1549
  375 832
  376 839
  377 578
  378 196
  379 948
  380 1959
  381 964
  382 1003
  383 1966
  384 1873
  385 1558
  386 1230
  387 2007
  388 1753
  389 1310
  390 171
  391 1432
  392 1559
  393 1649
  394 1523
  395 530
  396 1268
  397 184
  398 1297
  399 1032
  400 1334
  401 34
  402 2146
  403 1154
  404 198
  405 52
  406 1798
  407 1552
  408 1062
  409 1564
  410 1228
  411 1174
  412 817
  413 797
  414 1288
  415 541
  416 1081
  417 498
  418 599
  419 400
  420 260
  421 304
  422 801
  423 278
  424 129
  425 1452
  426 121
  427 1754
  428 1427
  429 2077
  430 687
  431 1693
  432 1569
  433 1385
  434 1810
  435 2143
  436 1322
  437 611
  438 647
  439 2065
  440 602
  441 175
  442 1277
  443 791
  444 961
  445 425
  446 872
  447 2135
  448 696
  449 2103
  450 560
  451 202
  452 950
  453 1786
  454 1505
  455 1565
  456 1133
  457 1897
  458 1071
  459 979
  460 218
  461 1531
  462 1931
  463 920
  464 161
  465 136
  466 581
  467 783
  468 1947
  469 1299
  470 1762
  471 133
  472 428
  473 1690
  474 1163
  475 524
  476 1436
  477 834
  478 531
  479 1483
  480 682
  481 2113
  482 806
  483 899
  484 63
  485 1587
  486 1010
  487 1978
  488 467
  489 1645
  490 1979
  491 1684
  492 2032
  493 1533
  494 1713
  495 765
  496 1405
  497 1726
  498 1459
  499 11
  500 17
  501 838
  502 562
  503 1146
  504 1633
  505 2038
  506 749
  507 1098
  508 1908
  509 601
  510 527
  511 755
  512 292
  513 1283
  514 820
  515 351
  516 1603
  517 2162
  518 635
  519 279
  520 782
  521 1313
  522 1165
  523 1164
  524 1052
  525 1292
  526 284
  527 1441
  528 2087
  529 1319
  530 1372
  531 1664
  532 1621
  533 1244
  534 299
  535 1067
  536 1041
  537 197
  538 1474
  539 176
  540 540
  541 987
  542 451
  543 1490
  544 463
  545 1389
  546 719
  547 213
  548 1130
  549 1704
  550 519
  551 122
  552 873
  553 856
  554 1307
  555 479
  556 1458
  557 134
  558 1263
  559 1590
  560 2117
  561 1799
  562 1585
  563 1243
  564 725
  565 1231
  566 752
  567 1777
  568 1137
  569 2017
  570 1188
  571 337
  572 1261
  573 852
  574 1099
  575 631
  576 436
  577 595
  578 2043
  579 1801
  580 266
  581 194
  582 2157
  583 1545
  584 1481
  585 281
  586 1180
  587 932
  588 1037
  589 587
  590 1085
  591 380
  592 520
  593 994
  594 1336
  595 1506
  596 272
  597 1849
  598 1238
  599 499
  600 997
  601 1708
  602 2089
  603 1254
  604 341
  605 764
  606 503
  607 1650
  608 992
  609 959
  610 1996
  611 1544
  612 1013
  613 2119
  614 998
  615 2152
  616 1337
  617 1526
  618 2068
  619 381
  620 1676
  621 69
  622 2092
  623 1407
  624 828
  625 2052
  626 1289
  627 1619
  628 22
  629 2021
  630 655
  631 1217
  632 368
  633 328
  634 1087
  635 285
  636 607
  637 652
  638 1373
  639 126
  640 1333
  641 1820
  642 371
  643 41
  644 1521
  645 553
  646 1553
  647 787
  648 1670
  649 1647
  650 470
  651 1739
  652 544
  653 1609
  654 125
  655 1031
  656 1048
  657 2035
  658 1402
  659 1404
  660 387
  661 761
  662 879
  663 1155
  664 423
  665 1205
  666 27
  667 811
  668 710
  669 1317
  670 1680
  671 1943
  672 1482
  673 501
  674 1139
  675 1381
  676 269
  677 2133
  678 25
  679 1737
  680 486
  681 253
  682 464
  683 458
  684 1780
  685 1644
  686 1742
  687 802
  688 1362
  689 1178
  690 391
  691 642
  692 2142
  693 144
  694 2025
  695 1793
  696 325
  697 2154
  698 1494
  699 128
  700 151
  701 1991
  702 1172
  703 2112
  704 1327
  705 1176
  706 1524
  707 703
  708 1187
  709 991
  710 1495
  711 1503
  712 1138
  713 1462
  714 1981
  715 1965
  716 1400
  717 1562
  718 374
  719 1047
  720 439
  721 1953
  722 807
  723 532
  724 1766
  725 405
  726 1841
  727 859
  728 1216
  729 1871
  730 1954
  731 174
  732 515
  733 1570
  734 1148
  735 1359
  736 1612
  737 1783
  738 1260
  739 1772
  740 77
  741 290
  742 1413
  743 309
  744 1095
  745 1666
  746 471
  747 203
  748 1287
  749 1659
  750 1948
  751 954
  752 1152
  753 661
  754 903
  755 396
  756 850
  757 394
  758 868
  759 822
  760 1539
  761 1734
  762 1596
  763 1894
  764 349
  765 1488
  766 1223
  767 93
  768 751
  769 1190
  770 1341
  771 906
  772 1508
  773 137
  774 1788
  775 473
  776 300
  777 639
  778 442
  779 1925
  780 1756
  781 1055
  782 786
  783 981
  784 2041
  785 1487
  786 833
  787 1438
  788 484
  789 47
  790 1656
  791 210
  792 1774
  793 327
  794 1504
  795 1103
  796 880
  797 965
  798 1186
  799 1106
  800 160
  801 1749
  802 1883
  803 1354
  804 1368
  805 1257
  806 1428
  807 1938
  808 1640
  809 1219
  810 507
  811 789
  812 1764
  813 955
  814 83
  815 721
  816 913
  817 2059
  818 1794
  819 887
  820 927
  821 148
  822 1371
  823 1910
  824 297
  825 999
  826 1563
  827 379
  828 251
  829 88
  830 650
  831 364
  832 1635
  833 1903
  834 1687
  835 1235
  836 1285
  837 1448
  838 1258
  839 1825
  840 521
  841 2105
  842 648
  843 2082
  844 131
  845 1694
  846 414
  847 209
  848 221
  849 1899
  850 1339
  851 107
  852 684
  853 673
  854 455
  855 334
  856 42
  857 500
  858 592
  859 759
  860 835
  861 1107
  862 187
  863 1499
  864 1382
  865 1911
  866 101
  867 2015
  868 36
  869 1939
  870 746
  871 1447
  872 2121
  873 877
  874 1012
  875 572
  876 1321
  877 1344
  878 303
  879 1134
  880 1001
  881 100
  882 1221
  883 446
  884 407
  885 1079
  886 452
  887 2081
  888 748
  889 1425
  890 240
  891 1546
  892 2079
  893 87
  894 360
  895 1179
  896 1771
  897 225
  898 1420
  899 2094
  900 554
  901 1124
  902 1271
  903 640
  904 1724
  905 912
  906 1639
  907 226
  908 50
  909 573
  910 1460
  911 140
  912 2097
  913 1915
  914 1057
  915 120
  916 1097
  917 135
  918 1685
  919 1750
  920 1740
  921 1583
  922 1736
  923 1776
  924 616
  925 1818
  926 1557
  927 841
  928 804
  929 881
  930 851
  931 938
  932 2028
  933 2027
  934 1157
  935 1346
  936 189
  937 688
  938 74
  939 683
  940 2160
  941 1352
  942 805
  943 433
  944 1300
  945 219
  946 1324
  947 172
  948 1864
  949 1016
  950 2012
  951 2086
  952 469
  953 995
  954 1185
  955 863
  956 883
  957 1477
  958 2030
  959 2061
  960 1350
  961 1356
  962 84
  963 829
  964 1136
  965 372
  966 1273
  967 254
  968 737
  969 1201
  970 622
  971 977
COMMENT: TIMESTEP: 1
ORDERS_SECTION
  1 2 3 4
  2 5 6 362
  3 7 8
  4 9
  5 10
  6 11 12
  7 13 14 959
  8 15
  9 16 17 18
  10 19 485 199
  11 20 21 368 302
  12 22 23 64
  13 24 25 26
  14 27 28
  15 29
  16 30 31 32
  17 33 34 243
  18 35 36 37
  19 38 419
  20 39 417
  21 40 41 42
  22 43
  23 44 45 46
  24 47 48
  25 49 50
  26 51
  27 52 729
  28 53 54 55
  29 56
  30 57 58 59
  31 60
  32 61 62 63
  33 64
  34 65 33
  35 66 67 262
  36 68 69
  37 70 71 72
  38 73 74 55
  39 75 76 77 358
  40 78 79 80 323 654
  41 81 82 958
  42 83 84 85 198 801
  43 86 967
  44 87 88 89
  45 90
  46 91 92 93
  47 94 95 96
  48 97 98 391
  49 99 100
  50 101 102 332
  51 103 104 105 466 690
  52 106 107 108 895
  53 109 110 111
  54 112 113 141
  55 114 115 403
  56 116 117 118
  57 119
  58 120 121 122
  59 123 124
  60 125
  61 126 326
  62 127 128 783
  63 129 130 131
  64 132 133 134
  65 135 136
  66 137 138 832
  67 139 140 141
  68 142
  69 143 287
  70 144 145
  71 146 295
  72 147 148 61
  73 149
  74 150 151 152
  75 153 154
  76 155 156 157
  77 158 159
  78 160 161
  79 162
  80 163 493
  81 164
  82 165
  83 166 805 234
  84 167 168
  85 169
  86 170 171 172
  87 173 174 175
  88 176 177 749
  89 178 179
  90 180 181
  91 182 408
  92 183 114
  93 184
  94 185 186
  95 187
  96 188 189
  97 190 497
  98 191 354 877
  99 192
  100 193 519
  101 194 195 196
  102 197 198
  103 199 200 753
  104 201 202
  105 203 204 205
  106 206
  107 207 208
  108 209 210
  109 211
  110 212 213
  111 214 215 216
  112 217
  113 218
  114 219 220 221
  115 222 636
  116 223 224
  117 225 226 391
  118 227 228
  119 229 230 231 400 266 880
  120 232 233
  121 234
  122 235 200
  123 236 237
  124 238 39
  125 239 240
  126 241 242
  127 243 244 245
  128 246 247 248
  129 249 250
  130 251
  131 252 431
  132 253
  133 254 255
  134 256
  135 257 258
  136 259 611
  137 260 524 553
  138 261 262 263
  139 264 265
  140 266 267
  141 268
  142 269 270 192
  143 271 272 273
  144 274 275 276
  145 277 278 279 326
  146 280 281 396
  147 282 283
  148 284 829
  149 285 286
  150 287 288
  151 289 290
  152 291 292
  153 293 294
  154 295 296
  155 297
  156 298 299
  157 300 301 302
  158 303 304 305 73 962
  159 306
  160 307 222 487 127
  161 308 309 310
  162 311 312
  163 313 314 315
  164 316 476
  165 317 838 354 970 856
  166 318 319
  167 320 321 322 399 426
  168 323 324
  169 325 326
  170 327
  171 328 329 330 101
  172 331 332 333
  173 334 335 336
  174 337 338 870
  175 339 340 341 434
  176 342 343 344 843
  177 345
  178 346 347
  179 348
  180 349 350 351 213 645
  181 352 353
  182 354 355
  183 356 357 932
  184 358
  185 359
  186 360 361 362
  187 363
  188 364 365 366 497
  189 367 580
  190 368 369 403
  191 370 371
  192 372
  193 373
  194 374
  195 375 376 377 920
  196 378 379 380
  197 381
  198 382 383
  199 384
  200 385 386 387
  201 388 537
  202 389 390 415
  203 391
  204 392 393 394
  205 395 396
  206 397 398 167 496
  207 399 400 347
  208 401 402
  209 403 404 405
  210 406 407
  211 408 409 144
  212 410 411 412
  213 413 884
  214 414 415
  215 416 417 418
  216 419
  217 420 421 422
  218 423 424 558
  219 425
  220 426 427
  221 428 429 430
  222 431 432 942
  223 433 434
  224 435
  225 436
  226 437 438 439
  227 440 441 442
  228 443 444 187
  229 445 446 447
  230 448
  231 449 450 451
  232 452 453 454 609
  233 455 39
  234 456 457
  235 458 459 218
  236 460
  237 461 462 463
  238 464
  239 465 466
  240 467 468 142
  241 469 952
  242 470 471
  243 472 473
  244 474 475 476
  245 477 478 479
  246 480 481
  247 482 483
  248 484 485 672
  249 486 487 540
  250 488 594
  251 489
  252 490
  253 491 492 493
  254 494 495
  255 496 497 498
  256 499 500 501
  257 502 503 504
  258 505 506
  259 507 508 509
  260 510 511 512 636
  261 513 302
  262 514 192
  263 515 516 517 501 811
  264 518 519 520
  265 521 522 626
  266 523 524 388
  267 525 526 346
  268 527 528
  269 529 208
  270 530 531
  271 532 533
  272 534 535 962
  273 536 537 538 510
  274 539
  275 540 541 542
  276 543 544
  277 545
  278 546 794
  279 547 548 549 522
  280 550
  281 551 552
  282 553 70
  283 554
  284 555 556 557 42
  285 558
  286 559 560 561 326 494
  287 562 465 880
  288 563
  289 564 565 326
  290 566 10
  291 567
  292 568 569 455
  293 570 471
  294 571 572 573 403
  295 574 575 576 75
  296 577
  297 578
  298 579
  299 580 473 360
  300 581 119 216
  301 582 583
  302 584 585
  303 586 587 588
  304 589 590
  305 591 592 593
  306 594 595 101
  307 596
  308 597 384
  309 598
  310 599 254
  311 600 601
  312 602 223
  313 603 604
  314 605 606
  315 607 608 337
  316 609 414
  317 610 611
  318 612 613 614 382
  319 615 616
  320 617 618
  321 619 210
  322 620 621
  323 622 623
  324 624
  325 625
  326 626
  327 627 628 182
  328 629
  329 630 631 632
  330 633
  331 634 635 236
  332 636
  333 637 638
  334 639 28
  335 640 641 642
  336 643 644 645
  337 646 647
  338 648 649 650
  339 651 652 653
  340 654 655 86
  341 656 657 658
  342 659 660 661
  343 662
  344 663
  345 664 665 666
  346 667 668
  347 669 670
  348 671
  349 672 942
  350 673 674 675
  351 676 677
  352 678 679 680
  353 681 682
  354 683 684 685
  355 686 687 688 553
  356 689 56
  357 690 691 692 143
  358 693 694 695
  359 696 697 654
  360 698
  361 699 700 323
  362 701 702 703
  363 704 705 706 133
  364 707 708
  365 709 710 81
  366 711 712 713
  367 714
  368 715
  369 716 717 718 548
  370 719 720 829
  371 721 722 723 142 247
  372 724 725
  373 726
  374 727 728 729
  375 730 731 732
  376 733
  377 734 735
  378 736 737 738
  379 739 100
  380 740 741 742
  381 743 864
  382 744
  383 745
  384 746 747
  385 748 749 750
  386 751
  387 752 753 754
  388 755 756
  389 757 758 759
  390 760
  391 761 762 763
  392 764 765 766
  393 767
  394 768
  395 769 770 218
  396 771 772 773
  397 774 184
  398 775
  399 776 777 778
  400 779 780 615
  401 781
  402 782 783 784
  403 785 786 787
  404 788 789 790
  405 791 792 793 136
  406 794
  407 795
  408 796 797 798
  409 799 442
  410 800
  411 801 802
  412 803 804 467
  413 805 806 52
  414 807 808 197
  415 809 810
  416 811
  417 812 471
  418 813 814 815
  419 816 817 818
  420 819 820 821
  421 822 823 824 529
  422 825
  423 826 827
  424 828
  425 829
  426 830
  427 831 832
  428 833 834 835
  429 836 837
  430 838 839 840
  431 841 842 843
  432 844 845
  433 846 847 848
  434 849 850 851
  435 852
  436 853 854
  437 855 856 857
  438 858 859
  439 860 861 862
  440 863
  441 864
  442 865 866
  443 867 868 869
  444 870 871
  445 872
  446 873 874 875
  447 876 877 878
  448 879 880
  449 881
  450 882 883 884 382
  451 885 886 887
  452 888 889 890
  453 891 327
  454 892 893 894 953 659
  455 895 896
  456 897
  457 898 899 900 837
  458 901 902 425
  459 903 904
  460 905 906 699
  461 907 908
  462 909 910
  463 911 912 913
  464 913 914
  465 915 916
  466 917
  467 918 919 920 745
  468 921 922
  469 923 924 925
  470 926
  471 927 928 929 368
  472 930 931
  473 932
  474 933
  475 934 935 936 643
  476 937 938 939
  477 940 941
  478 942 332 182
  479 943 959
  480 944
  481 945 946 947
  482 948 949 950
  483 951 952 953
  484 954 848
  485 955
  486 956 957 808 238
  487 958 957
  488 959
  489 960 961
  490 962
  491 963 964 965
  492 966 967
  493 968 810
  494 969 970 971
TIME_AVAIL_SECTION
  1 1
  2 1
  3 1
  4 1
  5 1
  6 1
  7 1
  8 1
  9 1
  10 1
  11 1
  12 1
  13 1
  14 1
  15 1
  16 1
  17 1
  18 1
  19 1
  20 1
  21 1
  22 1
  23 1
  24 1
  25 1
  26 1
  27 1
  28 1
  29 1
  30 1
  31 1
  32 1
  33 1
  34 1
  35 1
  36 1
  37 1
  38 1
  39 1
  40 1
  41 1
  42 1
  43 1
  44 1
  45 1
  46 1
  47 1
  48 1
  49 1
  50 1
  51 1
  52 1
  53 1
  54 1
  55 1
  56 1
  57 1
  58 1
  59 1
  60 1
  61 1
  62 1
  63 1
  64 1
  65 1
  66 1
  67 1
  68 1
  69 1
  70 1
  71 1
  72 1
  73 1
  74 1
  75 1
  76 1
  77 1
  78 1
  79 1
  80 1
  81 1
  82 1
  83 1
  84 1
  85 1
  86 1
  87 1
  88 1
  89 1
  90 1
  91 1
  92 1
  93 1
  94 1
  95 1
  96 1
  97 1
  98 1
  99 1
  100 1
  101 1
  102 1
  103 1
  104 1
  105 1
  106 1
  107 1
  108 1
  109 1
  110 1
  111 1
  112 1
  113 1
  114 1
  115 1
  116 1
  117 1
  118 1
  119 1
  120 1
  121 1
  122 1
  123 1
  124 1
  125 1
  126 1
  127 1
  128 1
  129 1
  130 1
  131 1
  132 1
  133 1
  134 1
  135 1
  136 1
  137 1
  138 1
  139 1
  140 1
  141 1
  142 1
  143 1
  144 1
  145 1
  146 1
  147 1
  148 1
  149 1
  150 1
  151 1
  152 1
  153 1
  154 1
  155 1
  156 1
  157 1
  158 1
  159 1
  160 1
  161 1
  162 1
  163 1
  164 1
  165 1
  166 1
  167 1
  168 1
  169 1
  170 1
  171 1
  172 1
  173 1
  174 1
  175 1
  176 1
  177 1
  178 1
  179 1
  180 1
  181 1
  182 1
  183 1
  184 1
  185 1
  186 1
  187 1
  188 1
  189 1
  190 1
  191 1
  192 1
  193 1
  194 1
  195 1
  196 1
  197 1
  198 1
  199 1
  200 1
  201 1
  202 1
  203 1
  204 1
  205 1
  206 1
  207 1
  208 1
  209 1
  210 1
  211 1
  212 1
  213 1
  214 1
  215 1
  216 1
  217 1
  218 1
  219 1
  220 1
  221 1
  222 1
  223 1
  224 1
  225 1
  226 1
  227 1
  228 1
  229 1
  230 1
  231 1
  232 1
  233 1
  234 1
  235 1
  236 1
  237 1
  238 1
  239 1
  240 1
  241 1
  242 1
  243 1
  244 1
  245 1
  246 1
  247 1
  248 1
  249 1
  250 1
  251 1
  252 1
  253 1
  254 1
  255 1
  256 1
  257 1
  258 1
  259 1
  260 1
  261 1
  262 1
  263 1
  264 1
  265 1
  266 1
  267 1
  268 1
  269 1
  270 1
  271 1
  272 1
  273 1
  274 1
  275 1
  276 1
  277 1
  278 1
  279 1
  280 1
  281 1
  282 1
  283 1
  284 1
  285 1
  286 1
  287 1
  288 1
  289 1
  290 1
  291 1
  292 1
  293 1
  294 1
  295 1
  296 1
  297 1
  298 1
  299 1
  300 1
  301 1
  302 1
  303 1
  304 1
  305 1
  306 1
  307 1
  308 1
  309 1
  310 1
  311 1
  312 1
  313 1
  314 1
  315 1
  316 1
  317 1
  318 1
  319 1
  320 1
  321 1
  322 1
  323 1
  324 1
  325 1
  326 1
  327 1
  328 1
  329 1
  330 1
  331 1
  332 1
  333 1
  334 1
  335 1
  336 1
  337 1
  338 1
  339 1
  340 1
  341 1
  342 1
  343 1
  344 1
  345 1
  346 1
  347 1
  348 1
  349 1
  350 1
  351 1
  352 1
  353 1
  354 1
  355 1
  356 1
  357 1
  358 1
  359 1
  360 1
  361 1
  362 1
  363 1
  364 1
  365 1
  366 1
  367 1
  368 1
  369 1
  370 1
  371 1
  372 1
  373 1
  374 1
  375 1
  376 1
  377 1
  378 1
  379 1
  380 1
  381 1
  382 1
  383 1
  384 1
  385 1
  386 1
  387 1
  388 1
  389 1
  390 1
  391 1
  392 1
  393 1
  394 1
  395 1
  396 1
  397 1
  398 1
  399 1
  400 1
  401 1
  402 1
  403 1
  404 1
  405 1
  406 1
  407 1
  408 1
  409 1
  410 1
  411 1
  412 1
  413 1
  414 1
  415 1
  416 1
  417 1
  418 1
  419 1
  420 1
  421 1
  422 1
  423 1
  424 1
  425 1
  426 1
  427 1
  428 1
  429 1
  430 1
  431 1
  432 1
  433 1
  434 1
  435 1
  436 1
  437 1
  438 1
  439 1
  440 1
  441 1
  442 1
  443 1
  444 1
  445 1
  446 1
  447 1
  448 1
  449 1
  450 1
  451 1
  452 1
  453 1
  454 1
  455 1
  456 1
  457 1
  458 1
  459 1
  460 1
  461 1
  462 1
  463 1
  464 1
  465 1
  466 1
  467 1
  468 1
  469 1
  470 1
  471 1
  472 1
  473 1
  474 1
  475 1
  476 1
  477 1
  478 1
  479 1
  480 1
  481 1
  482 1
  483 1
  484 1
  485 1
  486 1
  487 1
  488 1
  489 1
  490 1
  491 1
  492 1
  493 1
  494 1
EOF
