VRPTEST 1.0
COMMENT: descr: Modified tsplib for the OBP
COMMENT: Best known objective: 7634.57
COMMENT: Computational time (s): 6839.7149229999995
NAME: c1641_7d3b
NUM_CAPACITIES: 1
NUM_VISITS: 1641
NUM_VEHICLES: 25
CAPACITIES: 28
DATA_SECTION
DEPOTS
  0
  1
VISIT_LOCATION_SECTION
  2 1307
  3 149
  4 838
  5 705
  6 320
  7 492
  8 1207
  9 386
  10 292
  11 465
  12 113
  13 192
  14 1135
  15 1155
  16 1205
  17 1263
  18 2103
  19 251
  20 1632
  21 1177
  22 134
  23 761
  24 1888
  25 1808
  26 501
  27 648
  28 1464
  29 39
  30 893
  31 1227
  32 1210
  33 696
  34 1771
  35 1952
  36 1660
  37 152
  38 1000
  39 1289
  40 2163
  41 1186
  42 1053
  43 638
  44 1474
  45 334
  46 2073
  47 817
  48 1238
  49 98
  50 1539
  51 1088
  52 1718
  53 1079
  54 625
  55 461
  56 867
  57 737
  58 1274
  59 1431
  60 880
  61 1480
  62 841
  63 306
  64 1656
  65 448
  66 917
  67 1530
  68 183
  69 145
  70 1946
  71 748
  72 138
  73 1076
  74 620
  75 2001
  76 966
  77 1658
  78 1636
  79 1791
  80 855
  81 1503
  82 1781
  83 1886
  84 2007
  85 1363
  86 1407
  87 1990
  88 158
  89 1087
  90 979
  91 1839
  92 451
  93 645
  94 1285
  95 87
  96 542
  97 1622
  98 728
  99 266
  100 571
  101 62
  102 1921
  103 1094
  104 569
  105 1219
  106 1948
  107 1050
  108 741
  109 153
  110 1378
  111 682
  112 1725
  113 439
  114 301
  115 425
  116 1855
  117 775
  118 1132
  119 558
  120 423
  121 34
  122 1323
  123 974
  124 38
  125 210
  126 92
  127 1700
  128 2037
  129 1011
  130 369
  131 136
  132 383
  133 1176
  134 254
  135 1938
  136 1782
  137 1362
  138 1297
  139 578
  140 639
  141 656
  142 1448
  143 790
  144 2064
  145 646
  146 1255
  147 633
  148 1679
  149 1541
  150 445
  151 290
  152 1871
  153 928
  154 132
  155 244
  156 752
  157 573
  158 33
  159 401
  160 203
  161 1991
  162 1774
  163 2117
  164 1594
  165 1965
  166 1875
  167 2004
  168 1517
  169 624
  170 1649
  171 519
  172 151
  173 2161
  174 856
  175 1552
  176 48
  177 2097
  178 63
  179 120
  180 316
  181 1856
  182 1663
  183 898
  184 1514
  185 655
  186 1766
  187 1150
  188 1423
  189 2012
  190 263
  191 1858
  192 406
  193 1941
  194 1067
  195 1455
  196 1878
  197 150
  198 1664
  199 1099
  200 692
  201 175
  202 1467
  203 846
  204 1333
  205 1009
  206 421
  207 1282
  208 1457
  209 1806
  210 1687
  211 1478
  212 1931
  213 356
  214 1156
  215 1565
  216 1670
  217 422
  218 1986
  219 2132
  220 664
  221 1556
  222 1862
  223 729
  224 1209
  225 94
  226 260
  227 532
  228 496
  229 1655
  230 2170
  231 449
  232 1917
  233 1640
  234 357
  235 1415
  236 1603
  237 1251
  238 1350
  239 1748
  240 1831
  241 614
  242 204
  243 1106
  244 807
  245 1427
  246 121
  247 619
  248 1342
  249 1925
  250 2126
  251 954
  252 1446
  253 1980
  254 2038
  255 18
  256 207
  257 49
  258 812
  259 585
  260 1642
  261 778
  262 426
  263 70
  264 2034
  265 270
  266 469
  267 1726
  268 1911
  269 813
  270 1908
  271 351
  272 73
  273 1712
  274 1133
  275 1880
  276 1092
  277 514
  278 307
  279 1678
  280 106
  281 786
  282 1151
  283 727
  284 467
  285 1108
  286 1698
  287 1273
  288 284
  289 1521
  290 1096
  291 765
  292 1393
  293 428
  294 1695
  295 804
  296 470
  297 100
  298 1896
  299 257
  300 1452
  301 169
  302 530
  303 559
  304 873
  305 253
  306 232
  307 324
  308 859
  309 698
  310 693
  311 731
  312 2043
  313 1607
  314 1768
  315 2105
  316 338
  317 777
  318 832
  319 116
  320 938
  321 352
  322 847
  323 1249
  324 362
  325 800
  326 47
  327 430
  328 1366
  329 1668
  330 2136
  331 1487
  332 1996
  333 687
  334 1491
  335 2078
  336 1148
  337 1354
  338 1915
  339 1483
  340 1674
  341 1059
  342 2071
  343 1142
  344 1485
  345 484
  346 2143
  347 627
  348 609
  349 945
  350 582
  351 1575
  352 342
  353 2006
  354 2121
  355 1638
  356 1283
  357 1406
  358 586
  359 2015
  360 1579
  361 906
  362 41
  363 843
  364 1025
  365 821
  366 1822
  367 2077
  368 1778
  369 242
  370 437
  371 673
  372 1296
  373 554
  374 363
  375 683
  376 1905
  377 29
  378 505
  379 1385
  380 1611
  381 2072
  382 2156
  383 882
  384 947
  385 1954
  386 577
  387 1753
  388 1797
  389 948
  390 701
  391 1196
  392 1961
  393 1311
  394 839
  395 341
  396 1118
  397 746
  398 1512
  399 1890
  400 2109
  401 1559
  402 955
  403 418
  404 74
  405 1533
  406 720
  407 282
  408 597
  409 265
  410 176
  411 1325
  412 1705
  413 184
  414 1091
  415 186
  416 431
  417 315
  418 1380
  419 228
  420 1462
  421 1691
  422 977
  423 478
  424 86
  425 857
  426 462
  427 1619
  428 1851
  429 1731
  430 793
  431 1278
  432 1172
  433 515
  434 44
  435 2009
  436 1571
  437 1959
  438 829
  439 1164
  440 927
  441 1220
  442 17
  443 1443
  444 1584
  445 1124
  446 1588
  447 900
  448 946
  449 235
  450 402
  451 1208
  452 493
  453 2027
  454 868
  455 1286
  456 1914
  457 1750
  458 1139
  459 374
  460 205
  461 1694
  462 1801
  463 1060
  464 1482
  465 1321
  466 1913
  467 684
  468 1813
  469 1689
  470 689
  471 774
  472 1383
  473 487
  474 1391
  475 583
  476 27
  477 1002
  478 549
  479 834
  480 952
  481 107
  482 1733
  483 1821
  484 1922
  485 433
  486 1221
  487 1577
  488 2063
  489 1116
  490 366
  491 957
  492 84
  493 215
  494 1198
  495 117
  496 1250
  497 2025
  498 460
  499 1538
  500 854
  501 964
  502 1582
  503 1419
  504 173
  505 629
  506 1899
  507 1451
  508 30
  509 1852
  510 1234
  511 1222
  512 108
  513 450
  514 1211
  515 791
  516 43
  517 1200
  518 1341
  519 160
  520 77
  521 1037
  522 1838
  523 1734
  524 1318
  525 1178
  526 380
  527 922
  528 1583
  529 669
  530 1811
  531 994
  532 719
  533 1947
  534 379
  535 742
  536 666
  537 319
  538 1320
  539 1558
  540 1497
  541 1397
  542 652
  543 904
  544 507
  545 1388
  546 671
  547 1312
  548 281
  549 2041
  550 387
  551 1168
  552 1710
  553 888
  554 1173
  555 1893
  556 2047
  557 21
  558 441
  559 119
  560 101
  561 1414
  562 1281
  563 805
  564 1336
  565 197
  566 1287
  567 688
  568 339
  569 1042
  570 700
  571 446
  572 1608
  573 1243
  574 1045
  575 830
  576 2061
  577 1653
  578 534
  579 1757
  580 1529
  581 965
  582 1746
  583 1294
  584 2131
  585 875
  586 471
  587 916
  588 1308
  589 1367
  590 1117
  591 1179
  592 1229
  593 1154
  594 211
  595 2021
  596 1010
  597 1218
  598 328
  599 809
  600 1841
  601 811
  602 1592
  603 2092
  604 2076
  605 2089
  606 989
  607 1259
  608 2059
  609 2
  610 1498
  611 1237
  612 1769
  613 1927
  614 552
  615 1673
  616 1102
  617 2098
  618 69
  619 1458
  620 562
  621 37
  622 918
  623 309
  624 335
  625 1035
  626 88
  627 479
  628 1506
  629 1690
  630 2145
  631 603
  632 929
  633 1317
  634 644
  635 1352
  636 1677
  637 144
  638 1288
  639 216
  640 1499
  641 417
  642 1523
  643 1239
  644 1569
  645 128
  646 459
  647 787
  648 181
  649 1055
  650 869
  651 4
  652 1368
  653 1807
  654 129
  655 1976
  656 213
  657 1882
  658 11
  659 1265
  660 674
  661 863
  662 1460
  663 1671
  664 1984
  665 2120
  666 1866
  667 500
  668 1868
  669 762
  670 1152
  671 662
  672 466
  673 1241
  674 395
  675 218
  676 579
  677 1924
  678 587
  679 1759
  680 1983
  681 1547
  682 279
  683 1114
  684 798
  685 239
  686 2147
  687 1381
  688 1223
  689 708
  690 2150
  691 576
  692 1477
  693 990
  694 594
  695 198
  696 1944
  697 1343
  698 925
  699 998
  700 772
  701 1985
  702 1201
  703 1012
  704 1644
  705 19
  706 983
  707 1202
  708 1394
  709 1056
  710 1303
  711 1992
  712 1830
  713 865
  714 494
  715 264
  716 390
  717 824
  718 932
  719 1675
  720 1857
  721 959
  722 1364
  723 71
  724 1805
  725 1647
  726 795
  727 199
  728 1609
  729 1470
  730 2094
  731 1149
  732 1614
  733 1398
  734 230
  735 891
  736 1720
  737 1257
  738 447
  739 1747
  740 2112
  741 887
  742 1292
  743 1865
  744 1863
  745 2032
  746 1057
  747 275
  748 1513
  749 252
  750 738
  751 57
  752 1501
  753 764
  754 347
  755 634
  756 612
  757 548
  758 1550
  759 1560
  760 962
  761 135
  762 2020
  763 1379
  764 871
  765 1267
  766 1982
  767 1546
  768 2168
  769 1082
  770 298
  771 50
  772 1306
  773 883
  774 1823
  775 537
  776 844
  777 1682
  778 1945
  779 231
  780 227
  781 1847
  782 1586
  783 2055
  784 606
  785 565
  786 381
  787 1438
  788 1230
  789 1864
  790 1351
  791 574
  792 992
  793 202
  794 314
  795 1591
  796 1036
  797 1454
  798 1245
  799 293
  800 1612
  801 495
  802 1929
  803 1665
  804 703
  805 876
  806 1744
  807 331
  808 1993
  809 1816
  810 133
  811 350
  812 1187
  813 1580
  814 694
  815 686
  816 1404
  817 581
  818 1933
  819 1295
  820 2036
  821 2110
  822 1494
  823 1563
  824 1112
  825 209
  826 1236
  827 1228
  828 2035
  829 711
  830 613
  831 1047
  832 2069
  833 1749
  834 1860
  835 1098
  836 354
  837 1338
  838 509
  839 1143
  840 544
  841 130
  842 1676
  843 1587
  844 299
  845 15
  846 892
  847 1650
  848 1466
  849 1372
  850 851
  851 1951
  852 956
  853 1413
  854 1633
  855 473
  856 1972
  857 1280
  858 83
  859 1519
  860 434
  861 1048
  862 1872
  863 2024
  864 1300
  865 194
  866 185
  867 2154
  868 1169
  869 159
  870 1119
  871 987
  872 1606
  873 2082
  874 1344
  875 1798
  876 103
  877 1007
  878 1876
  879 278
  880 1160
  881 995
  882 2153
  883 1818
  884 468
  885 1819
  886 1189
  887 1974
  888 1302
  889 1894
  890 1086
  891 819
  892 675
  893 1685
  894 1576
  895 522
  896 1729
  897 1639
  898 1564
  899 238
  900 1188
  901 1193
  902 785
  903 224
  904 1627
  905 528
  906 1699
  907 476
  908 1214
  909 588
  910 1962
  911 2081
  912 1994
  913 1001
  914 680
  915 1978
  916 640
  917 1258
  918 490
  919 344
  920 1574
  921 1145
  922 1052
  923 255
  924 1741
  925 1528
  926 1943
  927 767
  928 550
  929 2075
  930 24
  931 1008
  932 225
  933 296
  934 89
  935 1235
  936 665
  937 584
  938 1355
  939 1790
  940 1751
  941 1848
  942 1425
  943 1939
  944 1081
  945 454
  946 1776
  947 896
  948 146
  949 1702
  950 1361
  951 1543
  952 743
  953 801
  954 1551
  955 1684
  956 660
  957 755
  958 1104
  959 1704
  960 1701
  961 858
  962 96
  963 1359
  964 1456
  965 1903
  966 1083
  967 1041
  968 2045
  969 721
  970 2130
  971 474
  972 1146
  973 1881
  974 1062
  975 1040
  976 1527
  977 1949
  978 1789
  979 806
  980 2083
  981 1184
  982 435
  983 659
  984 1291
  985 744
  986 111
  987 1763
  988 22
  989 1785
  990 123
  991 1935
  992 1615
  993 1471
  994 1270
  995 2087
  996 913
  997 661
  998 1244
  999 25
  1000 2116
  1001 1233
  1002 1767
  1003 1967
  1004 67
  1005 165
  1006 420
  1007 1377
  1008 2016
  1009 903
  1010 1532
  1011 1526
  1012 1261
  1013 988
  1014 432
  1015 424
  1016 1077
  1017 157
  1018 1762
  1019 143
  1020 1832
  1021 905
  1022 1424
  1023 300
  1024 1163
  1025 1369
  1026 436
  1027 1428
  1028 1268
  1029 1331
  1030 2133
  1031 1637
  1032 1134
  1033 2157
  1034 1963
  1035 1402
  1036 371
  1037 137
  1038 1175
  1039 1472
  1040 1549
  1041 1416
  1042 1739
  1043 1131
  1044 951
  1045 353
  1046 622
  1047 642
  1048 1562
  1049 739
  1050 1005
  1051 1136
  1052 1999
  1053 981
  1054 1966
  1055 986
  1056 1792
  1057 1356
  1058 1901
  1059 1453
  1060 302
  1061 2127
  1062 1953
  1063 852
  1064 1696
  1065 845
  1066 1357
  1067 1873
  1068 241
  1069 2119
  1070 1730
  1071 373
  1072 286
  1073 1629
  1074 325
  1075 960
  1076 365
  1077 1846
  1078 751
  1079 483
  1080 382
  1081 1995
  1082 267
  1083 1299
  1084 941
  1085 2108
  1086 1885
  1087 1072
  1088 1358
  1089 2011
  1090 1075
  1091 68
  1092 1618
  1093 2030
  1094 2086
  1095 1310
  1096 1531
  1097 416
  1098 391
  1099 1386
  1100 1023
  1101 950
  1102 2134
  1103 1277
  1104 329
  1105 1089
  1106 2149
  1107 452
  1108 912
  1109 641
  1110 1971
  1111 1090
  1112 1932
  1113 170
  1114 1835
  1115 943
  1116 93
  1117 513
  1118 1989
  1119 397
  1120 311
  1121 1272
  1122 2057
  1123 162
  1124 657
  1125 2160
  1126 1322
  1127 1345
  1128 1473
  1129 240
  1130 654
  1131 403
  1132 1195
  1133 419
  1134 1772
  1135 102
  1136 393
  1137 2060
  1138 1138
  1139 31
  1140 1510
  1141 560
  1142 1861
  1143 523
  1144 650
  1145 2046
  1146 592
  1147 1030
  1148 396
  1149 1141
  1150 1174
  1151 1713
  1152 1339
  1153 1765
  1154 1814
  1155 1213
  1156 429
  1157 822
  1158 976
  1159 9
  1160 749
  1161 2138
  1162 54
  1163 985
  1164 1804
  1165 789
  1166 2080
  1167 815
  1168 2142
  1169 1260
  1170 2125
  1171 2137
  1172 1093
  1173 2162
  1174 1900
  1175 745
  1176 303
  1177 766
  1178 1387
  1179 1436
  1180 2039
  1181 2102
  1182 2028
  1183 1049
  1184 360
  1185 378
  1186 733
  1187 1054
  1188 1275
  1189 676
  1190 1400
  1191 709
  1192 930
  1193 182
  1194 1651
  1195 45
  1196 6
  1197 2113
  1198 870
  1199 2096
  1200 668
  1201 564
  1202 503
  1203 1970
  1204 463
  1205 1626
  1206 237
  1207 2118
  1208 171
  1209 1262
  1210 1867
  1211 1844
  1212 861
  1213 933
  1214 1224
  1215 617
  1216 1884
  1217 1058
  1218 276
  1219 269
  1220 1500
  1221 2165
  1222 1680
  1223 400
  1224 2169
  1225 2091
  1226 1794
  1227 392
  1228 1334
  1229 1130
  1230 940
  1231 246
  1232 1015
  1233 1780
  1234 1373
  1235 236
  1236 756
  1237 1329
  1238 997
  1239 1476
  1240 79
  1241 1505
  1242 1666
  1243 294
  1244 658
  1245 1412
  1246 221
  1247 440
  1248 1484
  1249 346
  1250 2065
  1251 297
  1252 848
  1253 2090
  1254 1645
  1255 1926
  1256 1703
  1257 540
  1258 1192
  1259 611
  1260 1103
  1261 877
  1262 975
  1263 66
  1264 527
  1265 1330
  1266 572
  1267 472
  1268 348
  1269 1617
  1270 915
  1271 407
  1272 996
  1273 1688
  1274 681
  1275 20
  1276 529
  1277 1853
  1278 826
  1279 1764
  1280 1630
  1281 256
  1282 632
  1283 602
  1284 223
  1285 2010
  1286 600
  1287 2018
  1288 2164
  1289 1793
  1290 732
  1291 1465
  1292 127
  1293 1405
  1294 1315
  1295 385
  1296 2068
  1297 1161
  1298 978
  1299 1979
  1300 734
  1301 1197
  1302 1212
  1303 1252
  1304 1693
  1305 961
  1306 1828
  1307 878
  1308 1305
  1309 663
  1310 1078
  1311 52
  1312 1097
  1313 754
  1314 1537
  1315 140
  1316 226
  1317 1635
  1318 1346
  1319 36
  1320 935
  1321 234
  1322 2070
  1323 42
  1324 1504
  1325 1488
  1326 1849
  1327 1883
  1328 1140
  1329 1548
  1330 1269
  1331 1080
  1332 2158
  1333 1525
  1334 414
  1335 1728
  1336 1907
  1337 972
  1338 753
  1339 1276
  1340 404
  1341 7
  1342 914
  1343 141
  1344 1046
  1345 1825
  1346 1742
  1347 758
  1348 326
  1349 375
  1350 897
  1351 1165
  1352 1370
  1353 124
  1354 1595
  1355 1840
  1356 193
  1357 1803
  1358 968
  1359 760
  1360 327
  1361 65
  1362 936
  1363 163
  1364 677
  1365 920
  1366 907
  1367 58
  1368 443
  1369 499
  1370 1290
  1371 2066
  1372 1721
  1373 1936
  1374 142
  1375 191
  1376 797
  1377 1432
  1378 308
  1379 2146
  1380 890
  1381 1298
  1382 280
  1383 1631
  1384 1158
  1385 1707
  1386 1686
  1387 2099
  1388 243
  1389 1459
  1390 13
  1391 1795
  1392 1740
  1393 1661
  1394 1003
  1395 984
  1396 405
  1397 2067
  1398 1335
  1399 1616
  1400 2104
  1401 580
  1402 1604
  1403 1918
COMMENT: TIMESTEP: 1
ORDERS_SECTION
  1 2
  2 3 4 5 454
  3 6 7 8 274
  4 9 182
  5 10 11
  6 12
  7 13 14
  8 15 16
  9 17 902
  10 18 19
  11 20 21 22
  12 23
  13 24 25 323
  14 26 27 28 456 1221
  15 29 30
  16 31 1071
  17 32 33 34
  18 35 36
  19 37 38 798
  20 39 40
  21 41 42 43
  22 44
  23 45 46 47
  24 48 49 50
  25 51 52 53
  26 54 55 996
  27 56 1236
  28 57 58
  29 59
  30 60 61 62 108 665
  31 63
  32 64 65 66
  33 67 68
  34 69 70
  35 71 72
  36 73 74 75 1229
  37 76 77
  38 78 79 80
  39 81
  40 82 83
  41 84 85 86
  42 87
  43 88 89 90
  44 91 92 93
  45 94
  46 95 96
  47 97
  48 98 99
  49 100 101
  50 102 347
  51 103 104
  52 105 106 107
  53 108 109
  54 110 111 112
  55 113 114 115
  56 116 117 118
  57 119 120
  58 121 122 123
  59 124 1217
  60 125 126
  61 127 128 129 1294
  62 130 131 132
  63 133 134 135
  64 136 137 998 608
  65 138
  66 139 140 581 931
  67 141 142 265
  68 143 1365
  69 144 145
  70 146 147 148
  71 149 150 151
  72 152
  73 153 154 155
  74 156
  75 157 158 159 25
  76 160
  77 161
  78 162
  79 163
  80 164 165 166
  81 167 168 169
  82 170 171 172
  83 173 972
  84 174 175
  85 176 177 1308
  86 178 1200
  87 179 180 181
  88 182
  89 183 184 185
  90 186 16
  91 187 188
  92 189
  93 190 191 192
  94 193
  95 194 195
  96 196 197 198
  97 199
  98 200 201
  99 202
  100 203 480
  101 204 205 206
  102 207 459 1116 509
  103 208
  104 209 210 211 18
  105 212 644
  106 213 214
  107 215 216
  108 217 218 219
  109 220 221 579
  110 222
  111 223
  112 224 225 226
  113 227 228 440
  114 229 230
  115 231
  116 232
  117 233
  118 234
  119 235 236 237 1114
  120 238 239 240
  121 241 242 243
  122 244 245 246
  123 247
  124 248 249 250
  125 251 252 253
  126 254
  127 255 256 257 985 201
  128 258 1382
  129 259
  130 260 1309
  131 261 332
  132 262 81
  133 263 264
  134 265 1354
  135 266 267
  136 268 269 270
  137 271 272 124 871
  138 273 274
  139 275 276
  140 277 278 279
  141 280 281 282
  142 283 284
  143 285 286
  144 287 288 289 94
  145 290
  146 291 292
  147 293 294 1096
  148 295 296
  149 297 1102
  150 298 299 300
  151 301 302 303 1379
  152 304 305 306 1236
  153 307
  154 308 309
  155 310 142 1330
  156 311 312 313 1044
  157 314 1318 478
  158 315 316
  159 317 318 319
  160 320
  161 321 322
  162 323
  163 324
  164 325 326
  165 327 328 329
  166 330 331 1116 382
  167 332 333
  168 334 335
  169 336 337
  170 338 339 340
  171 341 342
  172 343 344
  173 345 346 567
  174 347
  175 348
  176 349 350 336 547 443
  177 351 352 1141
  178 353 354
  179 355 347
  180 356 596
  181 357 358
  182 359 360
  183 361 362
  184 363 364 365
  185 366 367
  186 368 369 370
  187 371 372 373 828
  188 374 375 376
  189 377 378
  190 379 380 381 193
  191 382 383 384
  192 385 386 387
  193 388 389
  194 390 391
  195 392 393 394
  196 395 1254
  197 396 1226
  198 397 398
  199 399
  200 400
  201 401 1377
  202 402 403 222 819
  203 404 405
  204 406 407 408 133 1276
  205 409 410 411
  206 412 413 414
  207 415
  208 416 417
  209 418 419
  210 420
  211 421 132
  212 422
  213 423
  214 424
  215 425 1211
  216 426 427 428
  217 429 430
  218 431 432 743
  219 433 434
  220 435 436 437
  221 438 439
  222 440 44
  223 441 442 463 612
  224 443 444 445
  225 446 698
  226 447 448 449
  227 450 451
  228 452 453
  229 454 455 456
  230 457 458
  231 459 460 461
  232 462 463
  233 464
  234 465 466 467
  235 468 469 1095
  236 470 471
  237 472 1323 1053 1144
  238 473
  239 474
  240 475 476 477
  241 478
  242 479 480 481
  243 482
  244 483
  245 484 485
  246 486 487
  247 488 489 490
  248 491 492 493 1316 538
  249 494 495 496
  250 497 498 499
  251 500 501 502
  252 503 1125
  253 504 505 880
  254 506 507 508
  255 509
  256 510 511
  257 512 513 514
  258 515 516
  259 517 786
  260 518 519 520
  261 521
  262 522 523
  263 524 525 526
  264 527 528 529
  265 530
  266 531 532 68 1129 1109 1305
  267 533 534 535 347
  268 536 537 538
  269 539 540 1092
  270 541 542 543 1234 500
  271 544 545 546
  272 547 548 1093
  273 549 550 505 478
  274 551 552 553
  275 554 555 1271
  276 556 557 558
  277 559 560 561
  278 562
  279 563 564 565
  280 566 567 568 593
  281 569 570 478
  282 571 572 573
  283 574 575 644
  284 576 577 578
  285 579 791
  286 580 581
  287 582 583 584
  288 585 586
  289 587 588
  290 589 590 591
  291 592 593 594
  292 595 933 1345
  293 596 597
  294 598 599
  295 600 601
  296 602 603
  297 604 605
  298 606 607
  299 608 609
  300 610 513
  301 611 525
  302 612
  303 613 614 615
  304 616 617 618
  305 619 620 621 1087 425
  306 622 623 624
  307 625 320 498
  308 626 627
  309 628 629
  310 630
  311 631 632 633 9 843
  312 634 635 636
  313 637 638 639
  314 640 641
  315 642 643 644
  316 645 646 647
  317 648 649
  318 650 651
  319 652 653
  320 654 161
  321 655 656
  322 657 658
  323 659 660 661 570
  324 662 663 664
  325 665 666
  326 667 668
  327 669 670
  328 671 672 673
  329 674 675
  330 676 677
  331 678 978
  332 679 680
  333 681 682 683 394
  334 684 685 686
  335 687 688 689
  336 690 691 692
  337 693 694
  338 695 696
  339 697 698 699 522
  340 700
  341 701 702 703
  342 704 705
  343 706 707 708 160 450
  344 709
  345 710 711 712
  346 713 714 715
  347 716 717
  348 718 719 720
  349 721 722 314
  350 723 724 725 321 197
  351 726 727 728
  352 729 730
  353 731 732
  354 733 734 735
  355 736 737
  356 738 739 740 677
  357 741 742 743
  358 744 745
  359 746 747 748
  360 749 750 550
  361 751
  362 752 753
  363 754 755
  364 756 757 784 153
  365 758 1018
  366 759
  367 760 761 762 1271 1379
  368 763 764 1000
  369 765 766 767
  370 768 769
  371 770 771 772 256
  372 773 774 435
  373 775 776
  374 777 778 779
  375 780 781
  376 782
  377 783 784 785
  378 786
  379 787 788
  380 789 790
  381 791 792 793 427
  382 794 795 796 886
  383 797 798
  384 799 800 801 816
  385 802 803 804
  386 805 806
  387 807 1069
  388 808 2
  389 809
  390 810 811
  391 812 813 1045
  392 814
  393 815 816 817
  394 818 819 820 100
  395 821
  396 822 823
  397 824 825
  398 826 827 828
  399 829
  400 830 831
  401 832
  402 833
  403 834 835 836 580
  404 837 838 839
  405 840
  406 841 842 843
  407 844 845 846
  408 847 848 849
  409 850 851 852
  410 853 854 855
  411 856 857
  412 858 859 860
  413 861 862 308
  414 863 864 865 606 168
  415 866 163
  416 867 868 869
  417 870
  418 871 945
  419 872 873 963
  420 874 875 876
  421 877 878
  422 879
  423 880 881 882
  424 883
  425 884 885 886
  426 887 888 119
  427 889 890
  428 891 892 893 1262
  429 894 895
  430 896 897 898 399 530 334
  431 899 900 901 254 173
  432 902 903 904
  433 905 906 907
  434 908
  435 909 910
  436 911 912 834
  437 913 914 737
  438 915 916 917
  439 918 919 920
  440 921 922 923 555
  441 924 925 926
  442 927 928 929 322
  443 930 931
  444 932
  445 933
  446 934 935 936 108 17
  447 937 938
  448 939 940 941
  449 942 943 944 296
  450 945
  451 946 947 948 825
  452 949 950 951
  453 952
  454 953 954 955
  455 956 957 958
  456 959 960 1089
  457 961 962 963 96
  458 964 965 966
  459 967
  460 968 969 970
  461 971 972
  462 973
  463 974 975 976
  464 977
  465 978
  466 979
  467 980 981 982
  468 983 267
  469 984 985
  470 986 987
  471 988 989
  472 990 991 992
  473 993
  474 994
  475 995
  476 996 810
  477 997
  478 998 999
  479 1000
  480 1001 1002
  481 1003
  482 1004 1005 1006
  483 1007 1008
  484 1009 1010
  485 1011
  486 1012
  487 1013 104
  488 1014
  489 1015 1016 1017
  490 1018
  491 1019 1020 1021
  492 1022 1023
  493 1024 1025 1026
  494 1027 1028 1029
  495 1030 1031 1216 160
  496 1032 1033 1034
  497 1035 1036
  498 1037 1038
  499 1039
  500 1040 1041 1398 788
  501 1042 1043
  502 1044
  503 1045
  504 1046 1047 1048
  505 1049 1050 208
  506 1051
  507 1052 1053 1054
  508 1055 367 381
  509 1056
  510 1057 1058 351
  511 1059
  512 1060 1061 1062
  513 1063
  514 1064 1065 1066 687 637
  515 1067
  516 1068
  517 1069 1070 1071
  518 1072 1073 1074
  519 1075 1076
  520 1077 1078 210
  521 1079 1080 1081 17 522
  522 1082
  523 1083 1084 1085
  524 1086 1087 1088 9
  525 1089
  526 1090 1091 1092 107
  527 1093 273
  528 1094 450
  529 1095
  530 1096 1097
  531 1098 1099 1039
  532 1100 1101 1102
  533 1103
  534 1104 1105
  535 1106 1107 1108
  536 1109 44
  537 1110 1111 142
  538 1112 1113
  539 1114
  540 1115 952
  541 1116
  542 1117 1118 1119
  543 1120 1121 1122
  544 1123 1124
  545 1125
  546 1126 1127 1128
  547 1129
  548 1130 1131
  549 1132
  550 1133 1134 1008
  551 1135 1136 1137 1311
  552 1138 1139
  553 1140 1141
  554 1142 1143
  555 1144 1145 1146 811
  556 1147 1148 1149 702
  557 1150 1151 1152 73
  558 1153 1154
  559 1155
  560 1156 1157
  561 1158 1159 1160
  562 1161 1162 1163
  563 1164 1165 1166 466
  564 1167 1168 1169 581
  565 1170 1171
  566 1172 1173
  567 1174 1175 1176 382
  568 1177
  569 1178 1179 1180 193
  570 1181 1182 908
  571 1183 1184 1185
  572 1186 1187 1188
  573 1189 1190
  574 1191 1192 1193
  575 1194
  576 1195 1196 1197 1029
  577 1198 1199 1200
  578 1201 1202 1203
  579 1204 1205
  580 1206 1207 1208
  581 1209 1210 1211
  582 1212
  583 1213 1214 1215
  584 1216 1217 1218
  585 1219
  586 1220
  587 1221 1222 622
  588 1223 1224
  589 1225 313 417
  590 1226 1227
  591 1228 18 1337
  592 1229 989 13
  593 1230
  594 1231 1232 1233
  595 1234 1235 131
  596 1236 1237 1238
  597 1239 1240
  598 1241 852
  599 1242 535 584
  600 1243 1244 1245
  601 1246
  602 1247 1248 696
  603 1249 1133
  604 1250 1251 1252 504
  605 1253 1254
  606 1255 1256 1257
  607 1258 1259
  608 1260 1261
  609 1262 1263 1264
  610 1265
  611 1266
  612 1267 1268 1269 23
  613 1270 1271 174
  614 1272
  615 1273 1274 1275
  616 1276 995
  617 1277 1278
  618 1279 1280 1281 398
  619 1282
  620 1283 1284 1285
  621 1286 1287 1272
  622 1288 1289 1290
  623 1291 1292
  624 1293 1294
  625 1295
  626 1296
  627 1297 1298 1299
  628 1300 1301 637 189
  629 1302
  630 1303 1304 1305 596
  631 1306 1307 1308
  632 1309 1310 1311
  633 1312 1313
  634 1314 1315
  635 1316 274
  636 1317
  637 1318
  638 1319 1320 1321 66
  639 1322
  640 1323
  641 1324 1325 1326
  642 1327 425 1271
  643 1328 1329
  644 1330
  645 1331 1332 1333
  646 1334 1335 1336
  647 1337 1338
  648 1339
  649 1340 1341
  650 1342 1343 709
  651 1344 1092
  652 1345 1346
  653 1347
  654 1348
  655 1349 1377
  656 1350
  657 1351 1352 170
  658 1353 1354
  659 1355 1356 1357
  660 1358 1359 1360
  661 1361 1362 1363
  662 1364 1365 1366 1046 1009
  663 1367
  664 1368 1369
  665 1370 1371 1372
  666 1373 1374
  667 1375 980
  668 1376 322
  669 1377
  670 1378 1379 1380 498
  671 1381 1382
  672 1383 1384 295
  673 1385 1386
  674 1387 1388 1389
  675 1390 1391 1392
  676 1393
  677 1394 1395
  678 1396
  679 1397 1398 1399
  680 1400 1401 322
  681 1402 1403
TIME_AVAIL_SECTION
  1 1
  2 1
  3 1
  4 1
  5 1
  6 1
  7 1
  8 1
  9 1
  10 1
  11 1
  12 1
  13 1
  14 1
  15 1
  16 1
  17 1
  18 1
  19 1
  20 1
  21 1
  22 1
  23 1
  24 1
  25 1
  26 1
  27 1
  28 1
  29 1
  30 1
  31 1
  32 1
  33 1
  34 1
  35 1
  36 1
  37 1
  38 1
  39 1
  40 1
  41 1
  42 1
  43 1
  44 1
  45 1
  46 1
  47 1
  48 1
  49 1
  50 1
  51 1
  52 1
  53 1
  54 1
  55 1
  56 1
  57 1
  58 1
  59 1
  60 1
  61 1
  62 1
  63 1
  64 1
  65 1
  66 1
  67 1
  68 1
  69 1
  70 1
  71 1
  72 1
  73 1
  74 1
  75 1
  76 1
  77 1
  78 1
  79 1
  80 1
  81 1
  82 1
  83 1
  84 1
  85 1
  86 1
  87 1
  88 1
  89 1
  90 1
  91 1
  92 1
  93 1
  94 1
  95 1
  96 1
  97 1
  98 1
  99 1
  100 1
  101 1
  102 1
  103 1
  104 1
  105 1
  106 1
  107 1
  108 1
  109 1
  110 1
  111 1
  112 1
  113 1
  114 1
  115 1
  116 1
  117 1
  118 1
  119 1
  120 1
  121 1
  122 1
  123 1
  124 1
  125 1
  126 1
  127 1
  128 1
  129 1
  130 1
  131 1
  132 1
  133 1
  134 1
  135 1
  136 1
  137 1
  138 1
  139 1
  140 1
  141 1
  142 1
  143 1
  144 1
  145 1
  146 1
  147 1
  148 1
  149 1
  150 1
  151 1
  152 1
  153 1
  154 1
  155 1
  156 1
  157 1
  158 1
  159 1
  160 1
  161 1
  162 1
  163 1
  164 1
  165 1
  166 1
  167 1
  168 1
  169 1
  170 1
  171 1
  172 1
  173 1
  174 1
  175 1
  176 1
  177 1
  178 1
  179 1
  180 1
  181 1
  182 1
  183 1
  184 1
  185 1
  186 1
  187 1
  188 1
  189 1
  190 1
  191 1
  192 1
  193 1
  194 1
  195 1
  196 1
  197 1
  198 1
  199 1
  200 1
  201 1
  202 1
  203 1
  204 1
  205 1
  206 1
  207 1
  208 1
  209 1
  210 1
  211 1
  212 1
  213 1
  214 1
  215 1
  216 1
  217 1
  218 1
  219 1
  220 1
  221 1
  222 1
  223 1
  224 1
  225 1
  226 1
  227 1
  228 1
  229 1
  230 1
  231 1
  232 1
  233 1
  234 1
  235 1
  236 1
  237 1
  238 1
  239 1
  240 1
  241 1
  242 1
  243 1
  244 1
  245 1
  246 1
  247 1
  248 1
  249 1
  250 1
  251 1
  252 1
  253 1
  254 1
  255 1
  256 1
  257 1
  258 1
  259 1
  260 1
  261 1
  262 1
  263 1
  264 1
  265 1
  266 1
  267 1
  268 1
  269 1
  270 1
  271 1
  272 1
  273 1
  274 1
  275 1
  276 1
  277 1
  278 1
  279 1
  280 1
  281 1
  282 1
  283 1
  284 1
  285 1
  286 1
  287 1
  288 1
  289 1
  290 1
  291 1
  292 1
  293 1
  294 1
  295 1
  296 1
  297 1
  298 1
  299 1
  300 1
  301 1
  302 1
  303 1
  304 1
  305 1
  306 1
  307 1
  308 1
  309 1
  310 1
  311 1
  312 1
  313 1
  314 1
  315 1
  316 1
  317 1
  318 1
  319 1
  320 1
  321 1
  322 1
  323 1
  324 1
  325 1
  326 1
  327 1
  328 1
  329 1
  330 1
  331 1
  332 1
  333 1
  334 1
  335 1
  336 1
  337 1
  338 1
  339 1
  340 1
  341 1
  342 1
  343 1
  344 1
  345 1
  346 1
  347 1
  348 1
  349 1
  350 1
  351 1
  352 1
  353 1
  354 1
  355 1
  356 1
  357 1
  358 1
  359 1
  360 1
  361 1
  362 1
  363 1
  364 1
  365 1
  366 1
  367 1
  368 1
  369 1
  370 1
  371 1
  372 1
  373 1
  374 1
  375 1
  376 1
  377 1
  378 1
  379 1
  380 1
  381 1
  382 1
  383 1
  384 1
  385 1
  386 1
  387 1
  388 1
  389 1
  390 1
  391 1
  392 1
  393 1
  394 1
  395 1
  396 1
  397 1
  398 1
  399 1
  400 1
  401 1
  402 1
  403 1
  404 1
  405 1
  406 1
  407 1
  408 1
  409 1
  410 1
  411 1
  412 1
  413 1
  414 1
  415 1
  416 1
  417 1
  418 1
  419 1
  420 1
  421 1
  422 1
  423 1
  424 1
  425 1
  426 1
  427 1
  428 1
  429 1
  430 1
  431 1
  432 1
  433 1
  434 1
  435 1
  436 1
  437 1
  438 1
  439 1
  440 1
  441 1
  442 1
  443 1
  444 1
  445 1
  446 1
  447 1
  448 1
  449 1
  450 1
  451 1
  452 1
  453 1
  454 1
  455 1
  456 1
  457 1
  458 1
  459 1
  460 1
  461 1
  462 1
  463 1
  464 1
  465 1
  466 1
  467 1
  468 1
  469 1
  470 1
  471 1
  472 1
  473 1
  474 1
  475 1
  476 1
  477 1
  478 1
  479 1
  480 1
  481 1
  482 1
  483 1
  484 1
  485 1
  486 1
  487 1
  488 1
  489 1
  490 1
  491 1
  492 1
  493 1
  494 1
  495 1
  496 1
  497 1
  498 1
  499 1
  500 1
  501 1
  502 1
  503 1
  504 1
  505 1
  506 1
  507 1
  508 1
  509 1
  510 1
  511 1
  512 1
  513 1
  514 1
  515 1
  516 1
  517 1
  518 1
  519 1
  520 1
  521 1
  522 1
  523 1
  524 1
  525 1
  526 1
  527 1
  528 1
  529 1
  530 1
  531 1
  532 1
  533 1
  534 1
  535 1
  536 1
  537 1
  538 1
  539 1
  540 1
  541 1
  542 1
  543 1
  544 1
  545 1
  546 1
  547 1
  548 1
  549 1
  550 1
  551 1
  552 1
  553 1
  554 1
  555 1
  556 1
  557 1
  558 1
  559 1
  560 1
  561 1
  562 1
  563 1
  564 1
  565 1
  566 1
  567 1
  568 1
  569 1
  570 1
  571 1
  572 1
  573 1
  574 1
  575 1
  576 1
  577 1
  578 1
  579 1
  580 1
  581 1
  582 1
  583 1
  584 1
  585 1
  586 1
  587 1
  588 1
  589 1
  590 1
  591 1
  592 1
  593 1
  594 1
  595 1
  596 1
  597 1
  598 1
  599 1
  600 1
  601 1
  602 1
  603 1
  604 1
  605 1
  606 1
  607 1
  608 1
  609 1
  610 1
  611 1
  612 1
  613 1
  614 1
  615 1
  616 1
  617 1
  618 1
  619 1
  620 1
  621 1
  622 1
  623 1
  624 1
  625 1
  626 1
  627 1
  628 1
  629 1
  630 1
  631 1
  632 1
  633 1
  634 1
  635 1
  636 1
  637 1
  638 1
  639 1
  640 1
  641 1
  642 1
  643 1
  644 1
  645 1
  646 1
  647 1
  648 1
  649 1
  650 1
  651 1
  652 1
  653 1
  654 1
  655 1
  656 1
  657 1
  658 1
  659 1
  660 1
  661 1
  662 1
  663 1
  664 1
  665 1
  666 1
  667 1
  668 1
  669 1
  670 1
  671 1
  672 1
  673 1
  674 1
  675 1
  676 1
  677 1
  678 1
  679 1
  680 1
  681 1
EOF
