VRPTEST 1.0
COMMENT: descr: Modified tsplib for the OBP
COMMENT: Best known objective: 5203.455
COMMENT: Computational time (s): 7026.097563999999
NAME: c852_ab44
NUM_CAPACITIES: 1
NUM_VISITS: 852
NUM_VEHICLES: 27
CAPACITIES: 20
DATA_SECTION
DEPOTS
  0
  1
VISIT_LOCATION_SECTION
  2 1923
  3 1168
  4 1983
  5 834
  6 337
  7 2057
  8 1388
  9 1594
  10 1405
  11 51
  12 101
  13 1484
  14 1952
  15 29
  16 1711
  17 1609
  18 852
  19 713
  20 296
  21 1638
  22 1989
  23 923
  24 1382
  25 737
  26 380
  27 1431
  28 1175
  29 1569
  30 1731
  31 1755
  32 775
  33 288
  34 1185
  35 245
  36 1058
  37 116
  38 1551
  39 673
  40 2026
  41 437
  42 1765
  43 1140
  44 596
  45 1867
  46 238
  47 968
  48 1062
  49 938
  50 1341
  51 663
  52 1476
  53 1205
  54 1044
  55 734
  56 691
  57 579
  58 227
  59 2067
  60 700
  61 1656
  62 1517
  63 1207
  64 1534
  65 792
  66 1235
  67 1862
  68 1508
  69 1539
  70 1305
  71 1228
  72 1151
  73 1098
  74 30
  75 1627
  76 896
  77 2161
  78 1971
  79 237
  80 1595
  81 1672
  82 928
  83 318
  84 905
  85 1822
  86 978
  87 966
  88 1500
  89 299
  90 64
  91 1777
  92 1258
  93 1751
  94 517
  95 1201
  96 1448
  97 981
  98 1837
  99 366
  100 689
  101 1584
  102 761
  103 494
  104 739
  105 1917
  106 2059
  107 1331
  108 1080
  109 2000
  110 829
  111 2004
  112 823
  113 1093
  114 3
  115 492
  116 489
  117 957
  118 1443
  119 41
  120 162
  121 1792
  122 1195
  123 1505
  124 1647
  125 1145
  126 598
  127 2156
  128 538
  129 1742
  130 1965
  131 1486
  132 477
  133 1633
  134 570
  135 1176
  136 1229
  137 130
  138 285
  139 2069
  140 1653
  141 463
  142 1604
  143 772
  144 375
  145 1495
  146 1386
  147 1810
  148 519
  149 1928
  150 2127
  151 1883
  152 1280
  153 1659
  154 152
  155 755
  156 1067
  157 1008
  158 173
  159 1861
  160 602
  161 4
  162 210
  163 1063
  164 176
  165 483
  166 2132
  167 639
  168 833
  169 496
  170 1851
  171 887
  172 1718
  173 1179
  174 1218
  175 960
  176 867
  177 486
  178 665
  179 133
  180 297
  181 265
  182 595
  183 150
  184 256
  185 1849
  186 1124
  187 1771
  188 738
  189 2091
  190 513
  191 113
  192 1612
  193 736
  194 1146
  195 1350
  196 528
  197 708
  198 2095
  199 820
  200 2006
  201 991
  202 1626
  203 1101
  204 613
  205 871
  206 682
  207 795
  208 1994
  209 511
  210 1622
  211 977
  212 2160
  213 584
  214 1575
  215 664
  216 445
  217 218
  218 2043
  219 387
  220 1809
  221 572
  222 1315
  223 2017
  224 1111
  225 764
  226 765
  227 644
  228 1580
  229 2013
  230 149
  231 1992
  232 851
  233 1877
  234 964
  235 906
  236 629
  237 2147
  238 955
  239 1184
  240 697
  241 996
  242 1576
  243 2053
  244 571
  245 1603
  246 1789
  247 551
  248 2145
  249 373
  250 1499
  251 1833
  252 1901
  253 1088
  254 1832
  255 913
  256 1892
  257 1563
  258 1127
  259 100
  260 1701
  261 2089
  262 1507
  263 645
  264 660
  265 622
  266 1083
  267 1361
  268 646
  269 899
  270 1793
  271 125
  272 1455
  273 728
  274 1710
  275 2023
  276 2110
  277 225
  278 1910
  279 1446
  280 1769
  281 202
  282 1767
  283 2121
  284 652
  285 270
  286 1724
  287 491
  288 1288
  289 1728
  290 223
  291 374
  292 1969
  293 512
  294 994
  295 1885
  296 1926
  297 1272
  298 1720
  299 1454
  300 350
  301 96
  302 429
  303 1321
  304 1311
  305 1578
  306 1687
  307 1053
  308 183
  309 1981
  310 2077
  311 1317
  312 809
  313 1396
  314 1602
  315 1880
  316 1103
  317 16
  318 44
  319 1457
  320 2092
  321 965
  322 1838
  323 1876
  324 464
  325 1873
  326 1690
  327 1156
  328 193
  329 949
  330 731
  331 1233
  332 444
  333 1921
  334 67
  335 8
  336 327
  337 1943
  338 733
  339 1746
  340 33
  341 199
  342 1639
  343 1806
  344 1547
  345 1858
  346 2002
  347 1150
  348 1497
  349 1415
  350 1154
  351 419
  352 2125
  353 1387
  354 1740
  355 320
  356 1005
  357 393
  358 1637
  359 1441
  360 1754
  361 641
  362 972
  363 1673
  364 1060
  365 1903
  366 1698
  367 1032
  368 1748
  369 541
  370 1230
  371 342
  372 1512
  373 1406
  374 1526
  375 590
  376 569
  377 1354
  378 1234
  379 479
  380 655
  381 881
  382 574
  383 1004
  384 1346
  385 687
  386 1173
  387 1675
  388 604
  389 912
  390 1267
  391 2018
  392 983
  393 1121
  394 369
  395 1208
  396 1345
  397 1671
  398 239
  399 1351
  400 683
  401 522
  402 743
  403 1035
  404 122
  405 1549
  406 1677
  407 956
  408 1557
  409 27
  410 1302
  411 1394
  412 1308
  413 136
  414 1685
  415 791
  416 709
  417 302
  418 1076
  419 1385
  420 1651
  421 1664
  422 485
  423 542
  424 1108
  425 2113
  426 1768
  427 1935
  428 1257
  429 383
  430 203
  431 1823
  432 608
  433 2040
  434 1081
  435 1460
  436 1783
  437 970
  438 1450
  439 1747
  440 2112
  441 381
  442 1327
  443 1470
  444 280
  445 2143
  446 553
  447 1607
  448 832
  449 876
  450 1278
  451 588
  452 478
  453 1699
  454 1330
  455 1816
  456 680
  457 1530
  458 220
  459 1410
  460 1458
  461 1273
  462 1510
  463 1012
  464 1271
  465 544
  466 1721
  467 1682
  468 1893
  469 473
  470 883
  471 1414
  472 1149
  473 1785
  474 2101
  475 470
  476 1560
  477 172
  478 185
  479 371
  480 255
  481 658
  482 1503
  483 243
  484 822
  485 847
  486 988
  487 1210
  488 1991
  489 205
  490 1736
  491 1531
  492 1318
  493 1066
  494 502
  495 1289
  496 1329
  497 1739
  498 1865
  499 1295
  500 1977
  501 748
  502 961
  503 170
  504 2014
  505 719
  506 581
  507 1776
  508 1087
  509 368
  510 1632
  511 1986
  512 1993
  513 420
  514 1713
  515 1490
  516 2097
  517 1456
  518 38
  519 1766
  520 163
  521 1844
  522 446
  523 246
  524 233
  525 105
  526 945
  527 395
  528 2028
  529 1556
  530 26
  531 1513
  532 1774
  533 1283
  534 1337
  535 1040
  536 1670
  537 705
  538 1013
  539 1420
  540 1970
  541 1407
  542 951
  543 1261
  544 1299
  545 800
  546 1074
  547 414
  548 1995
  549 1565
  550 450
  551 1930
  552 1586
  553 826
  554 582
  555 839
  556 230
  557 216
  558 49
  559 121
  560 711
  561 1434
  562 930
  563 1501
  564 1944
  565 2150
  566 1370
  567 1890
  568 999
  569 892
  570 6
  571 1031
  572 1813
  573 1312
  574 428
  575 411
  576 1886
  577 562
  578 1763
  579 1336
  580 669
  581 1611
  582 1683
  583 778
  584 36
  585 1343
  586 1553
  587 498
  588 2102
  589 986
  590 1487
  591 253
  592 175
  593 600
  594 756
  595 229
  596 1172
  597 407
  598 2063
  599 1265
  600 1294
  601 2076
  602 620
  603 1756
  604 1033
  605 335
  606 993
  607 364
  608 534
  609 606
  610 869
  611 106
  612 1036
  613 1786
  614 1281
  615 1954
  616 197
  617 2075
  618 1799
  619 363
  620 198
  621 729
  622 1725
  623 967
  624 694
  625 515
  626 443
  627 397
  628 599
  629 1498
  630 140
  631 1338
  632 1451
  633 742
  634 785
  635 1390
  636 236
  637 165
  638 1355
  639 1938
  640 879
  641 1084
  642 1428
  643 854
  644 916
  645 1949
  646 2046
  647 766
  648 2055
  649 1010
  650 1270
  651 1658
  652 277
  653 706
  654 573
  655 1489
  656 275
  657 527
  658 314
  659 1120
  660 313
  661 1561
  662 746
  663 1925
  664 452
  665 1982
  666 2070
  667 2152
  668 1831
  669 790
  670 540
  671 893
  672 948
  673 2141
  674 773
  675 745
  676 209
  677 940
  678 1625
  679 907
  680 1158
  681 490
  682 15
  683 1211
  684 1990
  685 1142
  686 228
  687 461
  688 1276
  689 1491
  690 235
  691 1951
  692 465
  693 2027
  694 1473
  695 319
  696 603
  697 1239
  698 139
  699 184
  700 952
  701 1052
  702 1250
  703 866
  704 696
  705 1657
  706 1263
  707 638
  708 1591
  709 345
  710 1606
  711 1038
  712 306
  713 1674
  714 818
  715 1882
  716 1147
  717 379
  718 872
  719 727
  720 1804
  721 325
  722 1918
  723 577
  724 919
  725 1301
  726 1705
  727 1203
  728 1231
  729 1368
  730 1905
  731 71
  732 1252
  733 315
  734 1209
  735 1169
  736 1506
  737 1071
  738 1357
  739 63
  740 1221
  741 1726
  742 126
  743 1708
  744 2068
  745 2011
  746 1828
  747 161
  748 1132
  749 607
  750 1412
  751 594
  752 360
  753 1417
  754 817
  755 1059
  756 576
  757 1129
  758 240
  759 1048
  760 1608
  761 1962
  762 213
  763 1752
  764 433
  765 954
  766 1131
  767 2098
  768 935
  769 873
  770 927
  771 1286
  772 1212
  773 1416
  774 783
  775 842
  776 1079
  777 1762
  778 1471
  779 2024
  780 2064
  781 843
  782 1320
  783 918
  784 1629
  785 476
  786 403
  787 447
  788 1712
  789 2120
  790 1545
  791 1904
  792 394
  793 1759
  794 741
  795 1848
  796 1805
  797 2015
COMMENT: TIMESTEP: 1
ORDERS_SECTION
  1 2 3
  2 4 5
  3 6 7
  4 8
  5 9
  6 10
  7 11 12 101
  8 13
  9 14 15
  10 16
  11 17
  12 18
  13 19 20
  14 21 22
  15 23 24
  16 25
  17 26 27
  18 28 29
  19 30 31
  20 32 490
  21 33 448
  22 34 35 480
  23 36
  24 37
  25 38 39
  26 40
  27 41 42
  28 43 44
  29 45 46
  30 47
  31 48 49
  32 50 51
  33 52 53
  34 54 55
  35 56
  36 57 58
  37 59
  38 60 61
  39 62 63
  40 64 65
  41 66 67
  42 68 69
  43 70
  44 71
  45 72
  46 73
  47 74
  48 75
  49 76
  50 77
  51 78
  52 79
  53 80
  54 81
  55 82 83 194
  56 84 85
  57 86
  58 87 88
  59 89 90
  60 91 92
  61 93
  62 94 95
  63 96 97
  64 98 99
  65 100 101
  66 102
  67 103 104
  68 105 106
  69 107 108
  70 109
  71 110
  72 111
  73 112
  74 113 496
  75 114 115
  76 116
  77 117 118
  78 119
  79 120
  80 121
  81 122
  82 123
  83 124 125 467
  84 126 127
  85 128 129
  86 130
  87 131
  88 132
  89 133 134
  90 135 136
  91 137 138
  92 139 140
  93 141 142
  94 143 144
  95 145
  96 146
  97 147 148 250
  98 149 150
  99 151 152
  100 153 154
  101 155 156
  102 157
  103 158
  104 159 160
  105 161 162
  106 163 164
  107 165
  108 166 167
  109 168
  110 169
  111 170 171
  112 172
  113 173 174
  114 175 176
  115 177
  116 178 766
  117 179
  118 180 181
  119 182
  120 183 184
  121 185
  122 186 187 602
  123 188
  124 189
  125 190
  126 191 192
  127 193
  128 194
  129 195
  130 196 559
  131 197
  132 198
  133 199 200
  134 201
  135 202
  136 203 204
  137 205
  138 206 207
  139 208 209
  140 210 211
  141 212 213
  142 214 215
  143 216 217
  144 218 219 762
  145 220
  146 221
  147 222
  148 223 224
  149 225 226
  150 227
  151 228 229
  152 230 383
  153 231
  154 232
  155 233 234
  156 235 236 665
  157 237 238
  158 239 240
  159 241 242
  160 243 244
  161 245
  162 246 247
  163 248 249
  164 250 796
  165 251 252
  166 253
  167 254 255
  168 256 257
  169 258
  170 259
  171 260 261
  172 262
  173 263 264
  174 265
  175 266
  176 267 528
  177 268
  178 269 270
  179 271 272
  180 273
  181 274 275
  182 276
  183 277
  184 278
  185 279 280
  186 281 282
  187 283 284
  188 285 368
  189 286 287 337
  190 288 289
  191 290
  192 291 292
  193 293
  194 294 295
  195 296 297
  196 298
  197 299
  198 300
  199 301
  200 302
  201 303 304
  202 305
  203 306
  204 307 308
  205 309
  206 310 311 699
  207 312 313
  208 314 315
  209 316 317 320
  210 318 97
  211 319 114 220
  212 320
  213 321 322
  214 323
  215 324 325
  216 326
  217 327 328
  218 329
  219 330 331
  220 332 305
  221 333 334
  222 335 336
  223 337
  224 338 339
  225 340 341
  226 342
  227 343
  228 344 345
  229 346 347
  230 348 349
  231 350 351
  232 352
  233 353
  234 354 355 17
  235 356
  236 357
  237 358
  238 359 360
  239 361
  240 362 363 615
  241 364
  242 365 366
  243 367 368 491
  244 369
  245 370
  246 371 372
  247 373
  248 374 375
  249 376
  250 377 378
  251 379 380
  252 381 382
  253 383 384
  254 385 386
  255 387
  256 388 389 293
  257 390
  258 391
  259 392 393 408
  260 394 395 16
  261 396 397
  262 398 135
  263 399 400
  264 401 402
  265 403
  266 404 405
  267 406
  268 407
  269 408
  270 409 410 214
  271 411 412
  272 413 414
  273 415
  274 416
  275 417
  276 418
  277 419
  278 420
  279 421
  280 422 423
  281 424
  282 425
  283 426 427
  284 428 429
  285 430 431
  286 432 433
  287 434
  288 435 436
  289 437 438
  290 439 440
  291 441 442
  292 443 444
  293 445
  294 446 447
  295 448
  296 449 450
  297 451 452
  298 453 454
  299 455 456
  300 457
  301 458 459
  302 460
  303 461
  304 462
  305 463 464
  306 465 466
  307 467
  308 468 469
  309 470
  310 471
  311 472
  312 473
  313 474
  314 475
  315 476
  316 477 478
  317 479 480
  318 481 482
  319 483
  320 484
  321 485 390
  322 486
  323 487 488
  324 489 490
  325 491
  326 492
  327 493
  328 494
  329 495 496
  330 497 498
  331 499
  332 500 501
  333 502
  334 503 504
  335 505
  336 506
  337 507 508
  338 509 510
  339 511 284
  340 512
  341 513 514
  342 515
  343 516
  344 517 518
  345 519
  346 520
  347 521
  348 522 523
  349 524 525
  350 526 527
  351 528
  352 529 530
  353 531
  354 532 533
  355 534 535
  356 536 537
  357 538
  358 539
  359 540 541
  360 542 543
  361 544
  362 545
  363 546
  364 547
  365 548 549 686
  366 550
  367 551 552
  368 553 554
  369 555 556
  370 557 558
  371 559
  372 560
  373 561 562
  374 563 564
  375 565 566
  376 567
  377 568 569
  378 570 585
  379 571 572
  380 573
  381 574
  382 575 576
  383 577 578
  384 579 580
  385 581 582
  386 583 584
  387 585
  388 586
  389 587
  390 588
  391 589 590
  392 591 592
  393 593 594
  394 595
  395 596 473
  396 597
  397 598
  398 599 600
  399 601 602
  400 603
  401 604
  402 605 317
  403 606 607
  404 608 609
  405 610 611
  406 612 613
  407 614
  408 615 616
  409 617 618
  410 619 620
  411 621 622
  412 623
  413 624 266
  414 625
  415 626
  416 627 628
  417 629
  418 630 33
  419 631 632
  420 633 634 668
  421 635 636
  422 637 109
  423 638 639
  424 640 641
  425 642
  426 643
  427 644
  428 645
  429 646
  430 647 770
  431 648
  432 649 650
  433 651
  434 652
  435 653 654
  436 655
  437 656
  438 657
  439 658 659
  440 660 661
  441 662
  442 663 664
  443 665
  444 666
  445 667
  446 668 669
  447 670 671
  448 672
  449 673
  450 674 675
  451 676
  452 677 678
  453 679 680
  454 681
  455 682 683
  456 684
  457 685 686
  458 687
  459 688 689
  460 690 691
  461 692
  462 693 694
  463 695 370 554
  464 696
  465 697
  466 698 699
  467 700 701 473
  468 702
  469 703 523
  470 704 705
  471 706 707
  472 708 709
  473 710 5
  474 711
  475 712
  476 713 784
  477 714
  478 715
  479 716
  480 717
  481 718 719 156
  482 720 721
  483 722 723
  484 724 725
  485 726
  486 727
  487 728 729
  488 730 731
  489 732
  490 733 734
  491 735
  492 736
  493 737 738
  494 739
  495 740 741 330
  496 742
  497 743 744
  498 745
  499 746 747
  500 748 749
  501 750
  502 751 752
  503 753 754
  504 755 756
  505 757
  506 758 759 185
  507 760 761
  508 762 763 101
  509 764 765
  510 766
  511 767
  512 768 769
  513 770
  514 771
  515 772 773
  516 774
  517 775 776
  518 777 778
  519 779 780
  520 781
  521 782
  522 783 714
  523 784 785 268
  524 786 787
  525 788 789
  526 790 791
  527 792 793
  528 794
  529 795 253
  530 796 797
TIME_AVAIL_SECTION
  1 1
  2 1
  3 1
  4 1
  5 1
  6 1
  7 1
  8 1
  9 1
  10 1
  11 1
  12 1
  13 1
  14 1
  15 1
  16 1
  17 1
  18 1
  19 1
  20 1
  21 1
  22 1
  23 1
  24 1
  25 1
  26 1
  27 1
  28 1
  29 1
  30 1
  31 1
  32 1
  33 1
  34 1
  35 1
  36 1
  37 1
  38 1
  39 1
  40 1
  41 1
  42 1
  43 1
  44 1
  45 1
  46 1
  47 1
  48 1
  49 1
  50 1
  51 1
  52 1
  53 1
  54 1
  55 1
  56 1
  57 1
  58 1
  59 1
  60 1
  61 1
  62 1
  63 1
  64 1
  65 1
  66 1
  67 1
  68 1
  69 1
  70 1
  71 1
  72 1
  73 1
  74 1
  75 1
  76 1
  77 1
  78 1
  79 1
  80 1
  81 1
  82 1
  83 1
  84 1
  85 1
  86 1
  87 1
  88 1
  89 1
  90 1
  91 1
  92 1
  93 1
  94 1
  95 1
  96 1
  97 1
  98 1
  99 1
  100 1
  101 1
  102 1
  103 1
  104 1
  105 1
  106 1
  107 1
  108 1
  109 1
  110 1
  111 1
  112 1
  113 1
  114 1
  115 1
  116 1
  117 1
  118 1
  119 1
  120 1
  121 1
  122 1
  123 1
  124 1
  125 1
  126 1
  127 1
  128 1
  129 1
  130 1
  131 1
  132 1
  133 1
  134 1
  135 1
  136 1
  137 1
  138 1
  139 1
  140 1
  141 1
  142 1
  143 1
  144 1
  145 1
  146 1
  147 1
  148 1
  149 1
  150 1
  151 1
  152 1
  153 1
  154 1
  155 1
  156 1
  157 1
  158 1
  159 1
  160 1
  161 1
  162 1
  163 1
  164 1
  165 1
  166 1
  167 1
  168 1
  169 1
  170 1
  171 1
  172 1
  173 1
  174 1
  175 1
  176 1
  177 1
  178 1
  179 1
  180 1
  181 1
  182 1
  183 1
  184 1
  185 1
  186 1
  187 1
  188 1
  189 1
  190 1
  191 1
  192 1
  193 1
  194 1
  195 1
  196 1
  197 1
  198 1
  199 1
  200 1
  201 1
  202 1
  203 1
  204 1
  205 1
  206 1
  207 1
  208 1
  209 1
  210 1
  211 1
  212 1
  213 1
  214 1
  215 1
  216 1
  217 1
  218 1
  219 1
  220 1
  221 1
  222 1
  223 1
  224 1
  225 1
  226 1
  227 1
  228 1
  229 1
  230 1
  231 1
  232 1
  233 1
  234 1
  235 1
  236 1
  237 1
  238 1
  239 1
  240 1
  241 1
  242 1
  243 1
  244 1
  245 1
  246 1
  247 1
  248 1
  249 1
  250 1
  251 1
  252 1
  253 1
  254 1
  255 1
  256 1
  257 1
  258 1
  259 1
  260 1
  261 1
  262 1
  263 1
  264 1
  265 1
  266 1
  267 1
  268 1
  269 1
  270 1
  271 1
  272 1
  273 1
  274 1
  275 1
  276 1
  277 1
  278 1
  279 1
  280 1
  281 1
  282 1
  283 1
  284 1
  285 1
  286 1
  287 1
  288 1
  289 1
  290 1
  291 1
  292 1
  293 1
  294 1
  295 1
  296 1
  297 1
  298 1
  299 1
  300 1
  301 1
  302 1
  303 1
  304 1
  305 1
  306 1
  307 1
  308 1
  309 1
  310 1
  311 1
  312 1
  313 1
  314 1
  315 1
  316 1
  317 1
  318 1
  319 1
  320 1
  321 1
  322 1
  323 1
  324 1
  325 1
  326 1
  327 1
  328 1
  329 1
  330 1
  331 1
  332 1
  333 1
  334 1
  335 1
  336 1
  337 1
  338 1
  339 1
  340 1
  341 1
  342 1
  343 1
  344 1
  345 1
  346 1
  347 1
  348 1
  349 1
  350 1
  351 1
  352 1
  353 1
  354 1
  355 1
  356 1
  357 1
  358 1
  359 1
  360 1
  361 1
  362 1
  363 1
  364 1
  365 1
  366 1
  367 1
  368 1
  369 1
  370 1
  371 1
  372 1
  373 1
  374 1
  375 1
  376 1
  377 1
  378 1
  379 1
  380 1
  381 1
  382 1
  383 1
  384 1
  385 1
  386 1
  387 1
  388 1
  389 1
  390 1
  391 1
  392 1
  393 1
  394 1
  395 1
  396 1
  397 1
  398 1
  399 1
  400 1
  401 1
  402 1
  403 1
  404 1
  405 1
  406 1
  407 1
  408 1
  409 1
  410 1
  411 1
  412 1
  413 1
  414 1
  415 1
  416 1
  417 1
  418 1
  419 1
  420 1
  421 1
  422 1
  423 1
  424 1
  425 1
  426 1
  427 1
  428 1
  429 1
  430 1
  431 1
  432 1
  433 1
  434 1
  435 1
  436 1
  437 1
  438 1
  439 1
  440 1
  441 1
  442 1
  443 1
  444 1
  445 1
  446 1
  447 1
  448 1
  449 1
  450 1
  451 1
  452 1
  453 1
  454 1
  455 1
  456 1
  457 1
  458 1
  459 1
  460 1
  461 1
  462 1
  463 1
  464 1
  465 1
  466 1
  467 1
  468 1
  469 1
  470 1
  471 1
  472 1
  473 1
  474 1
  475 1
  476 1
  477 1
  478 1
  479 1
  480 1
  481 1
  482 1
  483 1
  484 1
  485 1
  486 1
  487 1
  488 1
  489 1
  490 1
  491 1
  492 1
  493 1
  494 1
  495 1
  496 1
  497 1
  498 1
  499 1
  500 1
  501 1
  502 1
  503 1
  504 1
  505 1
  506 1
  507 1
  508 1
  509 1
  510 1
  511 1
  512 1
  513 1
  514 1
  515 1
  516 1
  517 1
  518 1
  519 1
  520 1
  521 1
  522 1
  523 1
  524 1
  525 1
  526 1
  527 1
  528 1
  529 1
  530 1
EOF
