VRPTEST 1.0
COMMENT: descr: Modified tsplib for the OBP
COMMENT: Best known objective: 1454.865
COMMENT: Computational time (s): 29.629334999999998
NAME: c273_40ef
NUM_CAPACITIES: 1
NUM_VISITS: 273
NUM_VEHICLES: 6
CAPACITIES: 25
DATA_SECTION
DEPOTS
  0
  1
VISIT_LOCATION_SECTION
  2 1106
  3 1150
  4 602
  5 215
  6 148
  7 577
  8 340
  9 1189
  10 1893
  11 1524
  12 967
  13 2134
  14 290
  15 1148
  16 1477
  17 1472
  18 887
  19 974
  20 1571
  21 1188
  22 491
  23 2027
  24 588
  25 1209
  26 764
  27 514
  28 324
  29 1726
  30 716
  31 134
  32 1281
  33 1077
  34 1619
  35 813
  36 2011
  37 662
  38 382
  39 2080
  40 765
  41 1424
  42 2058
  43 345
  44 1328
  45 1767
  46 760
  47 960
  48 2053
  49 802
  50 625
  51 1481
  52 1952
  53 2076
  54 1795
  55 1098
  56 1099
  57 1369
  58 1513
  59 1855
  60 965
  61 9
  62 1608
  63 1872
  64 645
  65 1592
  66 911
  67 795
  68 904
  69 282
  70 1453
  71 104
  72 1113
  73 1052
  74 1042
  75 131
  76 1062
  77 202
  78 390
  79 635
  80 1345
  81 2054
  82 596
  83 2131
  84 1678
  85 661
  86 348
  87 736
  88 837
  89 541
  90 77
  91 1178
  92 136
  93 1617
  94 1112
  95 947
  96 419
  97 1000
  98 7
  99 732
  100 2082
  101 597
  102 857
  103 1527
  104 1799
  105 1009
  106 336
  107 1076
  108 1096
  109 928
  110 523
  111 2064
  112 664
  113 1139
  114 663
  115 761
  116 1901
  117 1907
  118 2125
  119 145
  120 325
  121 1606
  122 1239
  123 1141
  124 1185
  125 1086
  126 270
  127 2035
  128 1205
  129 1560
  130 2138
  131 2081
  132 730
  133 719
  134 599
  135 1917
  136 1878
  137 1459
  138 743
  139 985
  140 1601
  141 1177
  142 1155
  143 585
  144 2132
  145 1840
  146 1700
  147 221
  148 1586
  149 371
  150 102
  151 1945
  152 684
  153 2097
  154 983
  155 363
  156 752
  157 1693
  158 1813
  159 744
  160 1629
  161 307
  162 1344
  163 1506
  164 1596
  165 848
  166 161
  167 351
  168 255
  169 1974
  170 1310
  171 1228
  172 2041
  173 627
  174 1701
  175 1003
  176 894
  177 1145
  178 484
  179 1503
  180 6
  181 537
  182 2037
  183 1202
  184 1625
  185 560
  186 652
  187 1896
  188 735
  189 1573
  190 438
  191 944
  192 1008
  193 229
  194 1888
  195 935
  196 705
  197 1690
  198 1074
  199 1523
  200 1088
  201 1529
  202 950
  203 313
  204 660
  205 756
  206 1276
  207 542
  208 820
  209 701
  210 469
  211 966
  212 1058
  213 421
  214 89
  215 1838
  216 337
  217 2158
  218 916
  219 878
  220 1245
  221 1339
  222 406
  223 2004
  224 1765
  225 699
  226 1867
  227 1289
  228 501
  229 1831
  230 1780
  231 219
  232 432
  233 24
  234 1949
  235 1733
  236 933
  237 604
  238 1156
  239 1081
  240 465
  241 298
  242 1552
  243 157
  244 519
  245 1928
  246 882
  247 520
  248 922
  249 200
  250 1036
  251 2063
  252 1883
  253 2060
  254 300
  255 1756
  256 1371
  257 988
  258 1501
  259 1587
  260 778
  261 1753
COMMENT: TIMESTEP: 1
ORDERS_SECTION
  1 2 3
  2 4 5
  3 6 7
  4 8 4
  5 9 10
  6 11
  7 12
  8 13 14 15
  9 16 17 18
  10 19 20
  11 21
  12 22 23 24
  13 25
  14 26 27
  15 28 29
  16 30 12
  17 31 32
  18 33 34
  19 35 36 37
  20 38 39 40
  21 41 42
  22 43
  23 44
  24 45 46 47 85
  25 48 49
  26 50 51 63
  27 52 53 54
  28 55 56 57
  29 58 59
  30 60 61 62
  31 63
  32 64 65 66
  33 67 68 69
  34 70 71 72
  35 73 74
  36 75 230
  37 76
  38 77 78
  39 79 80 81
  40 82
  41 83 84
  42 85 86
  43 87 88 89
  44 90 91 92
  45 93
  46 94
  47 95
  48 96
  49 97 98 99
  50 100
  51 101 102
  52 103 104
  53 105 106
  54 107
  55 108 109
  56 110
  57 111 172
  58 112
  59 113 114
  60 115 116 252
  61 117 118 119 186
  62 120 121
  63 122
  64 123 124 125
  65 126 127
  66 128 129
  67 130 131 132
  68 133 134 135
  69 136 137 138 36
  70 139 140
  71 141 142
  72 143 144 145
  73 146 147 148
  74 149 150 151
  75 152
  76 153 154
  77 155 156
  78 157
  79 158 159 123
  80 160 161
  81 162 163
  82 164 165 166
  83 167 168
  84 169
  85 170
  86 171 172
  87 173 174 175
  88 176
  89 177 178
  90 179 180
  91 181 182 183
  92 184 21
  93 185 186 187
  94 188 189 190
  95 191
  96 192
  97 193 194
  98 195 196
  99 197 198 199
  100 200 201 202
  101 203 204
  102 205 206
  103 207 208
  104 209
  105 210
  106 211
  107 212 213 214
  108 215 216 217
  109 218 219
  110 220 221
  111 222 223 224
  112 225
  113 226 227 228
  114 229
  115 230 231
  116 232 233 234 192
  117 235
  118 236 237 238
  119 239 240 241
  120 242 243
  121 244
  122 245 246 247
  123 248 249
  124 250 251 252
  125 253
  126 254 77
  127 255 256 257
  128 258 259 260
  129 261
TIME_AVAIL_SECTION
  1 1
  2 1
  3 1
  4 1
  5 1
  6 1
  7 1
  8 1
  9 1
  10 1
  11 1
  12 1
  13 1
  14 1
  15 1
  16 1
  17 1
  18 1
  19 1
  20 1
  21 1
  22 1
  23 1
  24 1
  25 1
  26 1
  27 1
  28 1
  29 1
  30 1
  31 1
  32 1
  33 1
  34 1
  35 1
  36 1
  37 1
  38 1
  39 1
  40 1
  41 1
  42 1
  43 1
  44 1
  45 1
  46 1
  47 1
  48 1
  49 1
  50 1
  51 1
  52 1
  53 1
  54 1
  55 1
  56 1
  57 1
  58 1
  59 1
  60 1
  61 1
  62 1
  63 1
  64 1
  65 1
  66 1
  67 1
  68 1
  69 1
  70 1
  71 1
  72 1
  73 1
  74 1
  75 1
  76 1
  77 1
  78 1
  79 1
  80 1
  81 1
  82 1
  83 1
  84 1
  85 1
  86 1
  87 1
  88 1
  89 1
  90 1
  91 1
  92 1
  93 1
  94 1
  95 1
  96 1
  97 1
  98 1
  99 1
  100 1
  101 1
  102 1
  103 1
  104 1
  105 1
  106 1
  107 1
  108 1
  109 1
  110 1
  111 1
  112 1
  113 1
  114 1
  115 1
  116 1
  117 1
  118 1
  119 1
  120 1
  121 1
  122 1
  123 1
  124 1
  125 1
  126 1
  127 1
  128 1
  129 1
EOF
