VRPTEST 1.0
COMMENT: descr: Modified tsplib for the OBP
COMMENT: Best known objective: 4215.055
COMMENT: Computational time (s): 681.884423
NAME: c569_909a
NUM_CAPACITIES: 1
NUM_VISITS: 569
NUM_VEHICLES: 21
CAPACITIES: 16
DATA_SECTION
DEPOTS
  0
  1
VISIT_LOCATION_SECTION
  2 2168
  3 11
  4 688
  5 136
  6 1607
  7 1570
  8 1991
  9 1582
  10 2039
  11 282
  12 1833
  13 1435
  14 1484
  15 1575
  16 556
  17 944
  18 327
  19 106
  20 613
  21 1533
  22 1276
  23 1954
  24 966
  25 964
  26 1104
  27 1899
  28 1233
  29 1241
  30 2067
  31 689
  32 342
  33 400
  34 2153
  35 144
  36 1804
  37 1175
  38 1688
  39 2059
  40 50
  41 501
  42 1871
  43 887
  44 260
  45 1132
  46 620
  47 1741
  48 1059
  49 1590
  50 950
  51 125
  52 578
  53 1690
  54 548
  55 1275
  56 561
  57 682
  58 1712
  59 1211
  60 1900
  61 746
  62 1426
  63 1795
  64 674
  65 1530
  66 677
  67 1571
  68 936
  69 474
  70 733
  71 2132
  72 266
  73 399
  74 605
  75 1595
  76 371
  77 1448
  78 1768
  79 708
  80 2119
  81 1560
  82 139
  83 223
  84 668
  85 1865
  86 1186
  87 842
  88 1124
  89 116
  90 2058
  91 1347
  92 1529
  93 1148
  94 645
  95 992
  96 1749
  97 1786
  98 57
  99 2163
  100 625
  101 749
  102 1695
  103 132
  104 1414
  105 215
  106 238
  107 729
  108 1088
  109 667
  110 1329
  111 450
  112 971
  113 484
  114 4
  115 173
  116 1942
  117 1407
  118 195
  119 720
  120 280
  121 1333
  122 2010
  123 2046
  124 2018
  125 1776
  126 88
  127 1273
  128 584
  129 894
  130 1514
  131 807
  132 856
  133 809
  134 1398
  135 1417
  136 635
  137 1420
  138 1781
  139 226
  140 1361
  141 150
  142 845
  143 614
  144 1016
  145 334
  146 996
  147 1356
  148 34
  149 2126
  150 819
  151 945
  152 1160
  153 2084
  154 1072
  155 1041
  156 650
  157 1756
  158 1031
  159 864
  160 935
  161 1383
  162 196
  163 1381
  164 670
  165 1207
  166 528
  167 1505
  168 1603
  169 1008
  170 1995
  171 1367
  172 1901
  173 1138
  174 1354
  175 336
  176 1195
  177 2027
  178 171
  179 1495
  180 307
  181 66
  182 267
  183 119
  184 641
  185 1118
  186 117
  187 776
  188 1310
  189 586
  190 877
  191 1169
  192 804
  193 1141
  194 1049
  195 602
  196 1705
  197 1350
  198 1352
  199 2063
  200 1701
  201 883
  202 1528
  203 956
  204 73
  205 646
  206 9
  207 1751
  208 514
  209 1778
  210 2150
  211 1834
  212 1208
  213 64
  214 1931
  215 419
  216 1044
  217 1935
  218 479
  219 1046
  220 335
  221 1163
  222 1178
  223 880
  224 128
  225 1711
  226 1644
  227 90
  228 534
  229 619
  230 1282
  231 797
  232 1259
  233 1904
  234 1216
  235 652
  236 1635
  237 1556
  238 846
  239 372
  240 1203
  241 1881
  242 1730
  243 143
  244 1877
  245 1321
  246 1127
  247 913
  248 2050
  249 1856
  250 505
  251 716
  252 1095
  253 1297
  254 1867
  255 1508
  256 1848
  257 1230
  258 1913
  259 224
  260 249
  261 1184
  262 1318
  263 1258
  264 1764
  265 251
  266 1042
  267 855
  268 564
  269 1382
  270 681
  271 2006
  272 56
  273 1891
  274 1155
  275 574
  276 42
  277 820
  278 693
  279 1268
  280 113
  281 943
  282 1060
  283 290
  284 1794
  285 1303
  286 1108
  287 122
  288 232
  289 1646
  290 1519
  291 1140
  292 1647
  293 1629
  294 1896
  295 1897
  296 2025
  297 1864
  298 1411
  299 199
  300 1948
  301 1179
  302 1416
  303 1668
  304 1551
  305 1967
  306 1526
  307 782
  308 1512
  309 676
  310 2136
  311 1927
  312 829
  313 603
  314 1547
  315 1760
  316 485
  317 1965
  318 1501
  319 337
  320 590
  321 127
  322 1725
  323 1066
  324 1415
  325 1753
  326 244
  327 772
  328 1819
  329 1966
  330 878
  331 1602
  332 165
  333 211
  334 678
  335 101
  336 830
  337 1174
  338 275
  339 242
  340 899
  341 1172
  342 1978
  343 1731
  344 890
  345 905
  346 313
  347 1852
  348 1477
  349 858
  350 438
  351 774
  352 989
  353 1673
  354 2096
  355 2091
  356 89
  357 98
  358 1412
  359 2121
  360 1680
  361 2105
  362 246
  363 406
  364 1150
  365 1820
  366 932
  367 1640
  368 1507
  369 1137
  370 1033
  371 1649
  372 401
  373 1892
  374 790
  375 1850
  376 374
  377 597
  378 881
  379 473
  380 929
  381 1677
  382 861
  383 554
  384 299
  385 1875
  386 1504
  387 1151
  388 1780
  389 710
  390 1541
  391 2112
  392 669
  393 39
  394 1665
  395 146
  396 421
  397 100
  398 1739
  399 1779
  400 123
  401 1792
  402 1149
  403 1798
  404 530
  405 218
  406 1748
  407 662
  408 2157
  409 572
  410 1201
  411 785
  412 587
  413 937
  414 1177
  415 765
  416 1260
  417 104
  418 2079
  419 1903
  420 1643
  421 659
  422 2095
  423 1339
  424 277
  425 407
  426 59
  427 1307
  428 868
  429 2162
  430 869
  431 1090
  432 2014
  433 1574
  434 1915
  435 509
  436 1808
  437 1979
  438 96
  439 751
  440 2073
  441 863
  442 1032
  443 1615
  444 2161
  445 2082
  446 1452
  447 1801
  448 735
  449 1750
  450 1173
  451 852
  452 2011
  453 2023
  454 767
  455 949
  456 995
  457 1331
  458 1166
  459 1242
  460 448
  461 2085
  462 309
  463 734
  464 1983
  465 1736
  466 684
  467 664
  468 1933
  469 1048
  470 368
  471 1982
  472 801
  473 2097
  474 102
  475 515
  476 1406
  477 395
  478 1843
  479 25
  480 565
  481 1136
  482 927
  483 925
  484 296
  485 72
  486 1009
  487 1080
  488 2158
  489 2164
  490 778
  491 1674
  492 1726
  493 21
  494 1846
  495 151
  496 1645
  497 957
  498 1675
  499 187
  500 84
  501 815
  502 1130
  503 979
  504 1052
COMMENT: TIMESTEP: 1
ORDERS_SECTION
  1 2 3
  2 4 5
  3 6
  4 7 8
  5 9 10
  6 11 12 32
  7 13
  8 14
  9 15 309
  10 16 277
  11 17 18
  12 19
  13 20
  14 21
  15 22 23
  16 24 25
  17 26 27
  18 28 16 169 323
  19 29 30 406
  20 31 32
  21 33 34
  22 35 245
  23 36
  24 37 38 46
  25 39
  26 40 41
  27 42 43
  28 44
  29 45 46
  30 47 48
  31 49 50 118
  32 51
  33 52 53 200
  34 54
  35 55
  36 56 57
  37 58
  38 59
  39 60 61 134
  40 62 63 255
  41 64
  42 65 66 373
  43 67 68 432
  44 69 70
  45 71 72
  46 73 74
  47 75 76
  48 77
  49 78
  50 79 80
  51 81
  52 82 161 343
  53 83 84
  54 85 86 436
  55 87
  56 88
  57 89 90
  58 91 92
  59 93 94
  60 95 96 311
  61 97 98 282
  62 99 100 150
  63 101 102
  64 103 104
  65 105 106 231
  66 107
  67 108 109
  68 110
  69 111
  70 112
  71 113 8
  72 114
  73 115 90
  74 116 117
  75 118 119
  76 120
  77 121 122
  78 123 124
  79 125
  80 126
  81 127 128
  82 129
  83 130 131
  84 132 133 307
  85 134
  86 135
  87 136
  88 137 138
  89 139 140
  90 141
  91 142 143
  92 144 145
  93 146 147
  94 148 149
  95 150 151
  96 152
  97 153
  98 154
  99 155 156
  100 157 158
  101 159 160
  102 161
  103 162
  104 163
  105 164 165 378
  106 166 167
  107 168
  108 169 58
  109 170
  110 171 172 286 170
  111 173 80
  112 174 136
  113 175
  114 176 177
  115 178
  116 179 180
  117 181 182
  118 183
  119 184 185
  120 186 187
  121 188 189
  122 190 191
  123 192
  124 193 194
  125 195 196
  126 197 198 172
  127 199
  128 200
  129 201 202
  130 203
  131 204 501
  132 205 206
  133 207
  134 208
  135 209 210
  136 211
  137 212 213
  138 214 215
  139 216 217
  140 218
  141 219 220
  142 221
  143 222
  144 223 245
  145 224
  146 225
  147 226
  148 227
  149 228 229
  150 230 231
  151 232 233
  152 234 26 39
  153 235 236
  154 237 238
  155 239
  156 240 241
  157 242 325 258
  158 243 244
  159 245 285
  160 246
  161 247 248
  162 249 250
  163 251 252
  164 253 254
  165 255
  166 256
  167 257
  168 258 259
  169 260
  170 261 262
  171 263 264
  172 265 266
  173 267 268
  174 269 270
  175 271 272
  176 273 274
  177 275 276
  178 277
  179 278 279
  180 280 281
  181 282
  182 283 284
  183 285
  184 286
  185 287 288 266
  186 289
  187 290 291
  188 292 293
  189 294 295
  190 296
  191 297 298 303
  192 299 319
  193 300 453
  194 301 302
  195 303
  196 304 305
  197 306 307
  198 308 309
  199 310 311
  200 312 313
  201 314
  202 315 316
  203 317 318
  204 319
  205 320
  206 321 25
  207 322
  208 323
  209 324 320
  210 325
  211 326 327 501
  212 328
  213 329 309
  214 330 331
  215 332
  216 333 334
  217 335 336
  218 337 338
  219 339 229
  220 340
  221 341 384
  222 342
  223 343 344 503
  224 345 346
  225 347 348
  226 349 350
  227 351
  228 352 353
  229 354 355
  230 356 165
  231 357 358
  232 359 360 489
  233 361
  234 362 363 63
  235 364
  236 365
  237 366 367
  238 368 369
  239 370 379
  240 371 372 18 260
  241 373
  242 374 375
  243 376 377 182
  244 378 457
  245 379 380
  246 381 382
  247 383 384
  248 385 386
  249 387 388
  250 389
  251 390 391
  252 392 393
  253 394 395
  254 396 397
  255 398 399 416
  256 400
  257 401 402
  258 403
  259 404
  260 405
  261 406
  262 407 408 360
  263 409 410
  264 411
  265 412 413
  266 414 415
  267 416
  268 417 418
  269 419
  270 420 421
  271 422
  272 423 424 84
  273 425 426
  274 427
  275 428 429 90
  276 430 431
  277 432 433
  278 434 435
  279 436 437
  280 438 439
  281 440 441 360
  282 442
  283 443
  284 444 445
  285 446
  286 447 448
  287 449 450
  288 451 452
  289 453 454
  290 455
  291 456 457
  292 458
  293 459 460
  294 461 462
  295 463
  296 464
  297 465 466
  298 467 468
  299 469 470
  300 471
  301 472 473
  302 474
  303 475
  304 476
  305 477
  306 478
  307 479
  308 480 481
  309 482 483 422
  310 484 485 455
  311 486
  312 487 488 294
  313 489
  314 490 491
  315 492 493
  316 494 495
  317 496 497
  318 498
  319 499
  320 500
  321 501 502
  322 503
  323 504
TIME_AVAIL_SECTION
  1 1
  2 1
  3 1
  4 1
  5 1
  6 1
  7 1
  8 1
  9 1
  10 1
  11 1
  12 1
  13 1
  14 1
  15 1
  16 1
  17 1
  18 1
  19 1
  20 1
  21 1
  22 1
  23 1
  24 1
  25 1
  26 1
  27 1
  28 1
  29 1
  30 1
  31 1
  32 1
  33 1
  34 1
  35 1
  36 1
  37 1
  38 1
  39 1
  40 1
  41 1
  42 1
  43 1
  44 1
  45 1
  46 1
  47 1
  48 1
  49 1
  50 1
  51 1
  52 1
  53 1
  54 1
  55 1
  56 1
  57 1
  58 1
  59 1
  60 1
  61 1
  62 1
  63 1
  64 1
  65 1
  66 1
  67 1
  68 1
  69 1
  70 1
  71 1
  72 1
  73 1
  74 1
  75 1
  76 1
  77 1
  78 1
  79 1
  80 1
  81 1
  82 1
  83 1
  84 1
  85 1
  86 1
  87 1
  88 1
  89 1
  90 1
  91 1
  92 1
  93 1
  94 1
  95 1
  96 1
  97 1
  98 1
  99 1
  100 1
  101 1
  102 1
  103 1
  104 1
  105 1
  106 1
  107 1
  108 1
  109 1
  110 1
  111 1
  112 1
  113 1
  114 1
  115 1
  116 1
  117 1
  118 1
  119 1
  120 1
  121 1
  122 1
  123 1
  124 1
  125 1
  126 1
  127 1
  128 1
  129 1
  130 1
  131 1
  132 1
  133 1
  134 1
  135 1
  136 1
  137 1
  138 1
  139 1
  140 1
  141 1
  142 1
  143 1
  144 1
  145 1
  146 1
  147 1
  148 1
  149 1
  150 1
  151 1
  152 1
  153 1
  154 1
  155 1
  156 1
  157 1
  158 1
  159 1
  160 1
  161 1
  162 1
  163 1
  164 1
  165 1
  166 1
  167 1
  168 1
  169 1
  170 1
  171 1
  172 1
  173 1
  174 1
  175 1
  176 1
  177 1
  178 1
  179 1
  180 1
  181 1
  182 1
  183 1
  184 1
  185 1
  186 1
  187 1
  188 1
  189 1
  190 1
  191 1
  192 1
  193 1
  194 1
  195 1
  196 1
  197 1
  198 1
  199 1
  200 1
  201 1
  202 1
  203 1
  204 1
  205 1
  206 1
  207 1
  208 1
  209 1
  210 1
  211 1
  212 1
  213 1
  214 1
  215 1
  216 1
  217 1
  218 1
  219 1
  220 1
  221 1
  222 1
  223 1
  224 1
  225 1
  226 1
  227 1
  228 1
  229 1
  230 1
  231 1
  232 1
  233 1
  234 1
  235 1
  236 1
  237 1
  238 1
  239 1
  240 1
  241 1
  242 1
  243 1
  244 1
  245 1
  246 1
  247 1
  248 1
  249 1
  250 1
  251 1
  252 1
  253 1
  254 1
  255 1
  256 1
  257 1
  258 1
  259 1
  260 1
  261 1
  262 1
  263 1
  264 1
  265 1
  266 1
  267 1
  268 1
  269 1
  270 1
  271 1
  272 1
  273 1
  274 1
  275 1
  276 1
  277 1
  278 1
  279 1
  280 1
  281 1
  282 1
  283 1
  284 1
  285 1
  286 1
  287 1
  288 1
  289 1
  290 1
  291 1
  292 1
  293 1
  294 1
  295 1
  296 1
  297 1
  298 1
  299 1
  300 1
  301 1
  302 1
  303 1
  304 1
  305 1
  306 1
  307 1
  308 1
  309 1
  310 1
  311 1
  312 1
  313 1
  314 1
  315 1
  316 1
  317 1
  318 1
  319 1
  320 1
  321 1
  322 1
  323 1
EOF
