VRPTEST 1.0
COMMENT: descr: Modified tsplib for the OBP
COMMENT: Best known objective: 1582.252
COMMENT: Computational time (s): 75.06473600000001
NAME: c226_f55a
NUM_CAPACITIES: 1
NUM_VISITS: 226
NUM_VEHICLES: 8
CAPACITIES: 19
DATA_SECTION
DEPOTS
  0
  1
VISIT_LOCATION_SECTION
  2 317
  3 1299
  4 1136
  5 1260
  6 1684
  7 1140
  8 665
  9 696
  10 1250
  11 1302
  12 1394
  13 7
  14 149
  15 1651
  16 777
  17 2146
  18 2061
  19 1497
  20 676
  21 150
  22 426
  23 844
  24 1361
  25 1617
  26 90
  27 736
  28 1903
  29 259
  30 578
  31 1313
  32 512
  33 1680
  34 446
  35 2145
  36 448
  37 64
  38 1038
  39 1778
  40 1286
  41 778
  42 781
  43 870
  44 1670
  45 198
  46 505
  47 529
  48 1142
  49 265
  50 1443
  51 1625
  52 1404
  53 329
  54 1111
  55 1329
  56 1939
  57 1270
  58 391
  59 528
  60 1742
  61 1184
  62 603
  63 2038
  64 1604
  65 936
  66 1257
  67 287
  68 252
  69 401
  70 1799
  71 234
  72 1705
  73 576
  74 419
  75 724
  76 1055
  77 117
  78 1005
  79 345
  80 1289
  81 945
  82 856
  83 1187
  84 395
  85 1174
  86 868
  87 492
  88 1765
  89 466
  90 119
  91 1861
  92 1133
  93 928
  94 949
  95 325
  96 1399
  97 365
  98 142
  99 1678
  100 100
  101 1056
  102 560
  103 189
  104 1222
  105 2141
  106 102
  107 43
  108 33
  109 1994
  110 899
  111 1454
  112 1822
  113 658
  114 594
  115 139
  116 1917
  117 19
  118 561
  119 494
  120 896
  121 1922
  122 1160
  123 1470
  124 1845
  125 719
  126 1606
  127 906
  128 1366
  129 1121
  130 668
  131 2111
  132 1494
  133 795
  134 701
  135 1864
  136 200
  137 569
  138 123
  139 1265
  140 1552
  141 245
  142 1718
  143 451
  144 1352
  145 1710
  146 871
  147 2018
  148 1694
  149 1435
  150 2162
  151 184
  152 2089
  153 1564
  154 1429
  155 1446
  156 2
  157 600
  158 1827
  159 2127
  160 1355
  161 182
  162 954
  163 1816
  164 1343
  165 278
  166 77
  167 818
  168 1896
  169 1683
  170 1495
  171 1976
  172 646
  173 1848
  174 34
  175 24
  176 852
  177 1106
  178 2138
  179 429
  180 515
  181 990
  182 806
  183 1970
  184 1688
  185 681
  186 1570
  187 1354
  188 1012
  189 2115
  190 246
  191 2040
  192 1499
  193 686
  194 1865
  195 340
  196 1155
  197 572
  198 1972
  199 422
  200 216
  201 1457
  202 873
  203 989
  204 187
  205 1633
  206 1656
COMMENT: TIMESTEP: 1
ORDERS_SECTION
  1 2 3
  2 4
  3 5
  4 6 7
  5 8 9 84
  6 10 11
  7 12 13 83
  8 14 15 148
  9 16
  10 17 144
  11 18 19
  12 20 21 133
  13 22 23
  14 24 205
  15 25
  16 26 27
  17 28
  18 29 30
  19 31 32
  20 33
  21 34 34
  22 35
  23 36 37
  24 38 39
  25 40
  26 41
  27 42 22
  28 43
  29 44 45 25
  30 46 47
  31 48 49 181
  32 50 51
  33 52 53
  34 54 95
  35 55 56
  36 57 58
  37 59 60
  38 61 62
  39 63 64
  40 65
  41 66 67
  42 68 69
  43 70
  44 71 72
  45 73 74
  46 75
  47 76
  48 77
  49 78 79
  50 80 81
  51 82
  52 83 84
  53 85 86
  54 87 88
  55 89 90
  56 91
  57 92
  58 93
  59 94 95
  60 96 97
  61 98
  62 99 100
  63 101 102
  64 103 104
  65 105 106
  66 107 108
  67 109 110
  68 111 112 51
  69 113 46
  70 114 115
  71 116
  72 117 118
  73 119 120
  74 121
  75 122
  76 123 124
  77 125 126 165 176
  78 127 128
  79 129
  80 130 131
  81 132
  82 133
  83 134 135
  84 136 137
  85 138
  86 139 168
  87 140
  88 141 142
  89 143
  90 144
  91 145 151
  92 146
  93 147 148
  94 149
  95 150 151
  96 152 164
  97 153 154
  98 155 156
  99 157
  100 158
  101 159
  102 160
  103 161
  104 162 163
  105 164
  106 165
  107 166
  108 167 168
  109 169
  110 170
  111 171 172
  112 173 174
  113 175
  114 176
  115 177 178
  116 179
  117 180
  118 181 182 157
  119 183
  120 184 185 98
  121 186 187
  122 188 189
  123 190
  124 191
  125 192 62
  126 193 194
  127 195
  128 196 197
  129 198 199
  130 200 201
  131 202
  132 203
  133 204
  134 205 206
TIME_AVAIL_SECTION
  1 1
  2 1
  3 1
  4 1
  5 1
  6 1
  7 1
  8 1
  9 1
  10 1
  11 1
  12 1
  13 1
  14 1
  15 1
  16 1
  17 1
  18 1
  19 1
  20 1
  21 1
  22 1
  23 1
  24 1
  25 1
  26 1
  27 1
  28 1
  29 1
  30 1
  31 1
  32 1
  33 1
  34 1
  35 1
  36 1
  37 1
  38 1
  39 1
  40 1
  41 1
  42 1
  43 1
  44 1
  45 1
  46 1
  47 1
  48 1
  49 1
  50 1
  51 1
  52 1
  53 1
  54 1
  55 1
  56 1
  57 1
  58 1
  59 1
  60 1
  61 1
  62 1
  63 1
  64 1
  65 1
  66 1
  67 1
  68 1
  69 1
  70 1
  71 1
  72 1
  73 1
  74 1
  75 1
  76 1
  77 1
  78 1
  79 1
  80 1
  81 1
  82 1
  83 1
  84 1
  85 1
  86 1
  87 1
  88 1
  89 1
  90 1
  91 1
  92 1
  93 1
  94 1
  95 1
  96 1
  97 1
  98 1
  99 1
  100 1
  101 1
  102 1
  103 1
  104 1
  105 1
  106 1
  107 1
  108 1
  109 1
  110 1
  111 1
  112 1
  113 1
  114 1
  115 1
  116 1
  117 1
  118 1
  119 1
  120 1
  121 1
  122 1
  123 1
  124 1
  125 1
  126 1
  127 1
  128 1
  129 1
  130 1
  131 1
  132 1
  133 1
  134 1
EOF
