VRPTEST 1.0
COMMENT: descr: Modified tsplib for the OBP
COMMENT: Best known objective: 6206.356
COMMENT: Computational time (s): 9973.352737
NAME: c868_cb43
NUM_CAPACITIES: 1
NUM_VISITS: 868
NUM_VEHICLES: 38
CAPACITIES: 12
DATA_SECTION
DEPOTS
  0
  1
VISIT_LOCATION_SECTION
  2 879
  3 1558
  4 1311
  5 1619
  6 210
  7 1727
  8 1088
  9 612
  10 1145
  11 309
  12 797
  13 2096
  14 1582
  15 150
  16 1101
  17 1933
  18 800
  19 1763
  20 1216
  21 875
  22 1696
  23 680
  24 600
  25 906
  26 766
  27 724
  28 1596
  29 1471
  30 1943
  31 214
  32 1662
  33 1730
  34 987
  35 1999
  36 267
  37 2045
  38 1513
  39 423
  40 2048
  41 1383
  42 2101
  43 1245
  44 175
  45 781
  46 2004
  47 2023
  48 913
  49 1843
  50 1951
  51 70
  52 993
  53 774
  54 1361
  55 2026
  56 989
  57 1848
  58 1585
  59 447
  60 462
  61 98
  62 192
  63 2127
  64 1210
  65 1448
  66 1050
  67 1116
  68 231
  69 1969
  70 804
  71 119
  72 1937
  73 599
  74 326
  75 1947
  76 1152
  77 851
  78 358
  79 1737
  80 298
  81 1483
  82 138
  83 867
  84 1857
  85 1870
  86 90
  87 1416
  88 573
  89 1086
  90 1886
  91 1012
  92 403
  93 786
  94 1604
  95 1287
  96 1451
  97 38
  98 925
  99 1901
  100 1551
  101 991
  102 691
  103 1550
  104 39
  105 608
  106 1227
  107 445
  108 1832
  109 372
  110 1491
  111 1036
  112 616
  113 698
  114 302
  115 368
  116 1905
  117 576
  118 2156
  119 1286
  120 1470
  121 130
  122 278
  123 2069
  124 2043
  125 1472
  126 2145
  127 513
  128 1481
  129 1575
  130 79
  131 1056
  132 48
  133 667
  134 834
  135 1008
  136 148
  137 1474
  138 2147
  139 470
  140 1875
  141 64
  142 1015
  143 2120
  144 1732
  145 1189
  146 1269
  147 1799
  148 1970
  149 1849
  150 1124
  151 686
  152 652
  153 530
  154 900
  155 1996
  156 1753
  157 832
  158 315
  159 1489
  160 1281
  161 2070
  162 1986
  163 1094
  164 507
  165 1953
  166 1033
  167 1380
  168 1952
  169 128
  170 671
  171 858
  172 829
  173 1864
  174 549
  175 1250
  176 1084
  177 1994
  178 325
  179 1971
  180 894
  181 443
  182 1127
  183 1595
  184 2085
  185 956
  186 1231
  187 1854
  188 1488
  189 1455
  190 646
  191 1878
  192 1405
  193 1323
  194 340
  195 2131
  196 1042
  197 765
  198 437
  199 1355
  200 2091
  201 455
  202 1665
  203 909
  204 1783
  205 1114
  206 1097
  207 1500
  208 912
  209 1484
  210 1277
  211 159
  212 1059
  213 1133
  214 2108
  215 1278
  216 390
  217 1750
  218 442
  219 1530
  220 907
  221 1827
  222 49
  223 1251
  224 89
  225 1452
  226 227
  227 1672
  228 360
  229 2020
  230 485
  231 790
  232 393
  233 386
  234 1283
  235 1725
  236 2057
  237 1826
  238 1169
  239 2024
  240 584
  241 962
  242 550
  243 778
  244 544
  245 1220
  246 687
  247 534
  248 1798
  249 408
  250 1164
  251 1327
  252 536
  253 1967
  254 193
  255 2141
  256 1741
  257 373
  258 970
  259 396
  260 1603
  261 1067
  262 965
  263 282
  264 246
  265 837
  266 1241
  267 71
  268 484
  269 292
  270 1161
  271 1627
  272 2153
  273 1031
  274 655
  275 1978
  276 1412
  277 1353
  278 819
  279 1565
  280 43
  281 458
  282 1691
  283 517
  284 19
  285 1229
  286 801
  287 952
  288 777
  289 869
  290 852
  291 86
  292 1025
  293 1955
  294 1792
  295 228
  296 731
  297 1473
  298 1074
  299 971
  300 1193
  301 394
  302 817
  303 622
  304 44
  305 422
  306 1700
  307 1099
  308 2055
  309 1779
  310 1107
  311 2109
  312 1351
  313 1335
  314 1506
  315 1562
  316 635
  317 11
  318 2025
  319 264
  320 696
  321 1177
  322 1713
  323 1480
  324 1100
  325 514
  326 863
  327 1321
  328 288
  329 2087
  330 1071
  331 1415
  332 1431
  333 1631
  334 1498
  335 1296
  336 1894
  337 1669
  338 255
  339 1862
  340 1053
  341 785
  342 923
  343 151
  344 1016
  345 1702
  346 1413
  347 259
  348 1450
  349 1364
  350 524
  351 733
  352 184
  353 478
  354 1801
  355 1113
  356 941
  357 1212
  358 924
  359 2077
  360 918
  361 773
  362 170
  363 1438
  364 1223
  365 602
  366 1777
  367 592
  368 737
  369 1458
  370 1678
  371 1136
  372 782
  373 1243
  374 472
  375 921
  376 2157
  377 2006
  378 464
  379 416
  380 1877
  381 1378
  382 1508
  383 1930
  384 467
  385 1104
  386 746
  387 1655
  388 1846
  389 2138
  390 1944
  391 590
  392 574
  393 883
  394 899
  395 1932
  396 110
  397 1914
  398 911
  399 430
  400 1186
  401 51
  402 2092
  403 334
  404 1497
  405 1366
  406 920
  407 776
  408 2063
  409 1790
  410 812
  411 1004
  412 877
  413 1198
  414 1808
  415 244
  416 1454
  417 117
  418 1693
  419 57
  420 864
  421 2046
  422 551
  423 604
  424 1729
  425 838
  426 882
  427 597
  428 1453
  429 1845
  430 1347
  431 1407
  432 752
  433 1477
  434 1032
  435 1005
  436 1423
  437 1876
  438 1218
  439 127
  440 1924
  441 6
  442 726
  443 823
  444 1132
  445 694
  446 2169
  447 1531
  448 893
  449 750
  450 1306
  451 1767
  452 890
  453 950
  454 67
  455 1175
  456 2040
  457 928
  458 1236
  459 2030
  460 1083
  461 1576
  462 331
  463 488
  464 802
  465 1324
  466 1754
  467 383
  468 1363
  469 1823
  470 758
  471 730
  472 444
  473 807
  474 1861
  475 1344
  476 1831
  477 2017
  478 304
  479 1642
  480 134
  481 2015
  482 2035
  483 350
  484 1209
  485 1436
  486 491
  487 1519
  488 1058
  489 234
  490 1041
  491 1350
  492 41
  493 1371
  494 1079
  495 218
  496 1949
  497 922
  498 311
  499 1975
  500 219
  501 233
  502 2034
  503 603
  504 1656
  505 1422
  506 1733
  507 1795
  508 1534
  509 1048
  510 198
  511 1294
  512 426
  513 720
  514 583
  515 709
  516 936
  517 473
  518 1883
  519 428
  520 1573
  521 1060
  522 948
  523 276
  524 1338
  525 1411
  526 754
  527 1142
  528 1685
  529 52
  530 762
  531 1376
  532 717
  533 1157
  534 1478
  535 1298
  536 1295
  537 144
  538 1791
  539 2000
  540 395
  541 327
  542 1441
  543 631
  544 859
  545 1387
  546 1687
  547 976
  548 1537
  549 1594
  550 809
  551 1110
  552 87
  553 1590
  554 2080
  555 1381
  556 1622
  557 540
  558 45
  559 1776
  560 104
  561 503
  562 1653
  563 755
  564 1785
  565 328
  566 189
  567 2126
  568 1173
  569 1517
  570 2041
  571 1180
  572 736
  573 286
  574 1266
  575 1447
  576 1000
  577 1288
  578 160
  579 1178
  580 522
  581 619
  582 1616
  583 1882
  584 1505
  585 1374
  586 1427
  587 927
  588 1607
  589 284
  590 690
  591 185
  592 1389
  593 1332
  594 157
  595 1571
  596 1544
  597 1358
  598 1762
  599 463
  600 738
  601 1270
  602 399
  603 822
  604 697
  605 669
  606 1834
  607 700
  608 855
  609 887
  610 961
  611 850
  612 1880
  613 1759
  614 203
  615 783
  616 466
  617 65
  618 1529
  619 1318
  620 380
  621 1217
  622 841
  623 1764
  624 502
  625 775
  626 1462
  627 2064
  628 490
  629 1305
  630 1557
  631 1265
  632 904
  633 2014
  634 1507
  635 1731
  636 665
  637 392
  638 2119
  639 1352
  640 649
  641 1185
  642 587
  643 281
  644 2154
  645 663
  646 639
  647 163
  648 967
  649 2097
  650 1257
  651 1945
  652 381
  653 414
  654 1499
  655 1331
  656 339
  657 1425
  658 1778
  659 1856
  660 743
  661 1837
  662 1768
  663 944
  664 683
  665 1630
  666 1244
  667 1040
  668 688
  669 129
  670 876
  671 2011
  672 183
  673 2058
  674 1434
  675 609
  676 1919
  677 1072
  678 1386
  679 366
  680 181
  681 729
  682 1559
  683 903
  684 411
  685 1548
  686 1179
  687 202
  688 1664
  689 1936
  690 2081
  691 772
  692 1082
  693 1893
  694 1941
  695 1235
  696 2133
  697 1673
  698 2079
  699 1135
  700 62
  701 1139
  702 1675
  703 1239
  704 34
  705 251
  706 937
  707 675
  708 238
  709 660
  710 659
  711 454
  712 1314
  713 75
  714 1268
  715 1280
  716 569
  717 2052
  718 1532
  719 1818
  720 1149
  721 2165
  722 1148
  723 2018
  724 1011
  725 500
  726 692
  727 1258
  728 844
  729 421
  730 1131
  731 633
  732 2008
  733 1459
  734 1362
  735 645
  736 1985
  737 1897
  738 861
  739 27
  740 68
  741 1222
  742 240
  743 2162
  744 307
  745 1154
  746 1524
  747 1382
  748 1866
  749 196
  750 1417
  751 1867
  752 342
  753 1345
  754 375
  755 107
  756 316
  757 1815
  758 318
  759 1928
  760 186
  761 578
  762 1301
  763 2013
  764 2125
  765 1922
  766 935
  767 1282
  768 1120
  769 1755
  770 420
  771 353
  772 277
  773 1668
  774 1486
  775 1852
  776 614
  777 1760
  778 814
  779 207
  780 2163
  781 1561
  782 106
  783 2028
  784 856
  785 846
  786 537
  787 611
  788 1118
  789 1320
  790 1989
  791 1954
  792 341
  793 1786
  794 1129
  795 654
  796 1504
  797 348
  798 42
  799 1336
  800 2144
  801 1062
  802 1666
  803 493
  804 1432
  805 818
  806 666
  807 1342
  808 287
  809 1482
  810 2073
  811 113
  812 1546
  813 1621
  814 1743
  815 1428
  816 1339
  817 1704
  818 1238
  819 915
  820 1357
  821 1443
  822 1172
  823 1674
  824 401
  825 577
  826 2150
  827 216
  828 397
  829 668
  830 1205
  831 1063
  832 173
  833 152
  834 1806
  835 441
  836 972
  837 81
  838 873
  839 708
  840 2142
  841 1734
  842 673
  843 957
  844 674
  845 16
  846 1813
  847 1800
  848 1234
  849 2059
  850 1464
  851 2001
  852 579
  853 749
  854 840
  855 2037
  856 477
  857 1625
  858 570
  859 1851
  860 446
  861 1976
  862 362
  863 1556
  864 1103
  865 1228
  866 100
  867 1203
  868 880
  869 1429
COMMENT: TIMESTEP: 1
ORDERS_SECTION
  1 2
  2 3
  3 4 5 6
  4 7 8 9
  5 10
  6 11 12
  7 13
  8 14
  9 15
  10 16 17
  11 18 19 20
  12 21
  13 22
  14 23
  15 24 25
  16 26 27 28
  17 29
  18 30
  19 31 32 33
  20 34
  21 35 36
  22 37
  23 38
  24 39 40 41
  25 42
  26 43 44
  27 45 46
  28 47
  29 48
  30 49
  31 50 51 52
  32 53 54 55
  33 56
  34 57
  35 58 59
  36 60 61
  37 62
  38 63 64
  39 65
  40 66 67
  41 68
  42 69 70
  43 71 72
  44 73
  45 74 75 76
  46 77 78 79
  47 80 81 82
  48 83 84 85
  49 86
  50 87
  51 88
  52 89 90
  53 91 92
  54 93 94
  55 95
  56 96 97
  57 98 99
  58 100
  59 101 102 103
  60 104
  61 105 106
  62 107 108 109
  63 110
  64 111 112 113
  65 114 115 116
  66 117 118
  67 119 120 121
  68 122 123
  69 124 125
  70 126
  71 127 128
  72 129 130 131
  73 132 133
  74 134
  75 135 136 137
  76 138
  77 139 140 141
  78 142 143
  79 144
  80 145
  81 146
  82 147
  83 148 149 150
  84 151 152
  85 153 154
  86 155
  87 156 157
  88 158 159
  89 160
  90 161 162 163
  91 164
  92 165 166 167
  93 168
  94 169 170 171
  95 172 173
  96 174 175
  97 176 177
  98 178
  99 179
  100 180 181 182
  101 183
  102 184
  103 185 186 187
  104 188 189
  105 190 191 192
  106 193 194
  107 195 196 197
  108 198 199
  109 200 201 202
  110 203
  111 204 205 206
  112 207 208
  113 209 210 211
  114 212 213
  115 214
  116 215 216 217
  117 218 219 220
  118 221 222
  119 223 224
  120 225 226 227
  121 228 229 230
  122 231 232 233
  123 234 235 236
  124 237
  125 238
  126 239 240
  127 241 242
  128 243
  129 244
  130 245
  131 246 247
  132 248
  133 249
  134 250
  135 251
  136 252 253 254
  137 255
  138 256
  139 257 258 259
  140 260 261
  141 262 263 264
  142 265 266
  143 267 268 269
  144 270 271 272
  145 273
  146 274
  147 275 276
  148 277
  149 278 279
  150 280 281
  151 282
  152 283
  153 284 285
  154 286
  155 287
  156 288 289 290
  157 291 292 293
  158 294 295
  159 296 297 298
  160 299
  161 300 301 302
  162 303 304 305
  163 306 307
  164 308
  165 309
  166 310
  167 311 312 313
  168 314 315 316
  169 317 318 319
  170 320 321 322
  171 323
  172 324
  173 325 326
  174 327 328
  175 329 330
  176 331 332
  177 333 334
  178 335 336 337
  179 338 339
  180 340 341 342
  181 343
  182 344 345 346
  183 347
  184 348 349 350
  185 351 352
  186 353
  187 354 355 356
  188 357 358 359
  189 360 361
  190 362 363
  191 364 365
  192 366 367
  193 368
  194 369 370 371
  195 372 373 374
  196 375 376 377
  197 378 379 380
  198 381 382
  199 383 384
  200 385
  201 386 387
  202 388 389
  203 390 391
  204 392 393
  205 394 395 396
  206 397 398
  207 399 400
  208 401
  209 402 403 404
  210 405 406 407
  211 408 409
  212 410 411 412
  213 413 414
  214 415
  215 416
  216 417 418
  217 419
  218 420
  219 421 422
  220 423 424
  221 425 426
  222 427
  223 428 429 430
  224 431 432
  225 433 434
  226 435 436 437
  227 438 439
  228 440 441 442
  229 443
  230 444 445
  231 446 447 448
  232 449
  233 450
  234 451
  235 452 453
  236 454
  237 455
  238 456 457
  239 458 459 460
  240 461 462 463
  241 464 465 466
  242 467 468
  243 469 470
  244 471 472
  245 473 474
  246 475 476
  247 477 478 479
  248 480 481 482
  249 483
  250 484
  251 485
  252 486
  253 487
  254 488 489
  255 490 491 492
  256 493 494
  257 495 496
  258 497 498 499
  259 500 501 502
  260 503 504
  261 505 506 507
  262 508
  263 509 510 511
  264 512 513 514
  265 515 516
  266 517
  267 518 519
  268 520 521 522
  269 523 524 525
  270 526
  271 527
  272 528 529
  273 530
  274 531 532 533
  275 534
  276 535
  277 536 537
  278 538 539 540
  279 541
  280 542 543
  281 544 545 546
  282 547
  283 548
  284 549
  285 550
  286 551 552 553
  287 554 555 556
  288 557 558
  289 559 560
  290 561 562 563
  291 564 565
  292 566 567
  293 568
  294 569 570 571
  295 572
  296 573
  297 574 575
  298 576 577
  299 578 579
  300 580 581
  301 582 583 584
  302 585 586
  303 587 588 589
  304 590 591 592
  305 593
  306 594
  307 595
  308 596 597 598
  309 599 600 601
  310 602
  311 603 604
  312 605
  313 606
  314 607 608
  315 609 610
  316 611 612
  317 613
  318 614 615
  319 616 617 618
  320 619 620 621
  321 622 623
  322 624
  323 625
  324 626 627
  325 628 629
  326 630 631
  327 632
  328 633 634 635
  329 636 637
  330 638 639
  331 640 641 642
  332 643 644 645
  333 646
  334 647 648 649
  335 650 651
  336 652
  337 653
  338 654
  339 655
  340 656
  341 657
  342 658 659 660
  343 661 662
  344 663 664
  345 665
  346 666 667
  347 668 669 670
  348 671 672 673
  349 674 675 676
  350 677
  351 678
  352 679
  353 680
  354 681 682 683
  355 684 685
  356 686
  357 687 688 689
  358 690 691 692
  359 693 694 695
  360 696 697
  361 698 699 700
  362 701
  363 702 703
  364 704 705 706
  365 707 708 709
  366 710 711
  367 712 713
  368 714
  369 715 716
  370 717 718 719
  371 720 721 722
  372 723
  373 724
  374 725 726
  375 727
  376 728
  377 729
  378 730
  379 731
  380 732
  381 733
  382 734
  383 735 736
  384 737 738 739
  385 740 741
  386 742 743 744
  387 745 746 747
  388 748 749
  389 750 751
  390 752 753
  391 754
  392 755
  393 756
  394 757 758
  395 759
  396 760 761
  397 762 763 764
  398 765 766
  399 767
  400 768 769
  401 770 771 772
  402 773 774 775
  403 776 777 778
  404 779 780 781
  405 782 783 784
  406 785 786 787
  407 788 789 790
  408 791
  409 792 793 794
  410 795 796
  411 797 798 799
  412 800 801
  413 802
  414 803 804 805
  415 806 807
  416 808 809 810
  417 811 812
  418 813 814
  419 815 816
  420 817 818
  421 819 820
  422 821 822 823
  423 824 825 826
  424 827
  425 828 829
  426 830
  427 831 832 833
  428 834
  429 835 836
  430 837
  431 838 839
  432 840
  433 841 842
  434 843 844
  435 845
  436 846 847 848
  437 849 850
  438 851 852 853
  439 854 855 856
  440 857 858
  441 859 860 861
  442 862 863
  443 864 865 866
  444 867 868
  445 869
TIME_AVAIL_SECTION
  1 1
  2 1
  3 1
  4 1
  5 1
  6 1
  7 1
  8 1
  9 1
  10 1
  11 1
  12 1
  13 1
  14 1
  15 1
  16 1
  17 1
  18 1
  19 1
  20 1
  21 1
  22 1
  23 1
  24 1
  25 1
  26 1
  27 1
  28 1
  29 1
  30 1
  31 1
  32 1
  33 1
  34 1
  35 1
  36 1
  37 1
  38 1
  39 1
  40 1
  41 1
  42 1
  43 1
  44 1
  45 1
  46 1
  47 1
  48 1
  49 1
  50 1
  51 1
  52 1
  53 1
  54 1
  55 1
  56 1
  57 1
  58 1
  59 1
  60 1
  61 1
  62 1
  63 1
  64 1
  65 1
  66 1
  67 1
  68 1
  69 1
  70 1
  71 1
  72 1
  73 1
  74 1
  75 1
  76 1
  77 1
  78 1
  79 1
  80 1
  81 1
  82 1
  83 1
  84 1
  85 1
  86 1
  87 1
  88 1
  89 1
  90 1
  91 1
  92 1
  93 1
  94 1
  95 1
  96 1
  97 1
  98 1
  99 1
  100 1
  101 1
  102 1
  103 1
  104 1
  105 1
  106 1
  107 1
  108 1
  109 1
  110 1
  111 1
  112 1
  113 1
  114 1
  115 1
  116 1
  117 1
  118 1
  119 1
  120 1
  121 1
  122 1
  123 1
  124 1
  125 1
  126 1
  127 1
  128 1
  129 1
  130 1
  131 1
  132 1
  133 1
  134 1
  135 1
  136 1
  137 1
  138 1
  139 1
  140 1
  141 1
  142 1
  143 1
  144 1
  145 1
  146 1
  147 1
  148 1
  149 1
  150 1
  151 1
  152 1
  153 1
  154 1
  155 1
  156 1
  157 1
  158 1
  159 1
  160 1
  161 1
  162 1
  163 1
  164 1
  165 1
  166 1
  167 1
  168 1
  169 1
  170 1
  171 1
  172 1
  173 1
  174 1
  175 1
  176 1
  177 1
  178 1
  179 1
  180 1
  181 1
  182 1
  183 1
  184 1
  185 1
  186 1
  187 1
  188 1
  189 1
  190 1
  191 1
  192 1
  193 1
  194 1
  195 1
  196 1
  197 1
  198 1
  199 1
  200 1
  201 1
  202 1
  203 1
  204 1
  205 1
  206 1
  207 1
  208 1
  209 1
  210 1
  211 1
  212 1
  213 1
  214 1
  215 1
  216 1
  217 1
  218 1
  219 1
  220 1
  221 1
  222 1
  223 1
  224 1
  225 1
  226 1
  227 1
  228 1
  229 1
  230 1
  231 1
  232 1
  233 1
  234 1
  235 1
  236 1
  237 1
  238 1
  239 1
  240 1
  241 1
  242 1
  243 1
  244 1
  245 1
  246 1
  247 1
  248 1
  249 1
  250 1
  251 1
  252 1
  253 1
  254 1
  255 1
  256 1
  257 1
  258 1
  259 1
  260 1
  261 1
  262 1
  263 1
  264 1
  265 1
  266 1
  267 1
  268 1
  269 1
  270 1
  271 1
  272 1
  273 1
  274 1
  275 1
  276 1
  277 1
  278 1
  279 1
  280 1
  281 1
  282 1
  283 1
  284 1
  285 1
  286 1
  287 1
  288 1
  289 1
  290 1
  291 1
  292 1
  293 1
  294 1
  295 1
  296 1
  297 1
  298 1
  299 1
  300 1
  301 1
  302 1
  303 1
  304 1
  305 1
  306 1
  307 1
  308 1
  309 1
  310 1
  311 1
  312 1
  313 1
  314 1
  315 1
  316 1
  317 1
  318 1
  319 1
  320 1
  321 1
  322 1
  323 1
  324 1
  325 1
  326 1
  327 1
  328 1
  329 1
  330 1
  331 1
  332 1
  333 1
  334 1
  335 1
  336 1
  337 1
  338 1
  339 1
  340 1
  341 1
  342 1
  343 1
  344 1
  345 1
  346 1
  347 1
  348 1
  349 1
  350 1
  351 1
  352 1
  353 1
  354 1
  355 1
  356 1
  357 1
  358 1
  359 1
  360 1
  361 1
  362 1
  363 1
  364 1
  365 1
  366 1
  367 1
  368 1
  369 1
  370 1
  371 1
  372 1
  373 1
  374 1
  375 1
  376 1
  377 1
  378 1
  379 1
  380 1
  381 1
  382 1
  383 1
  384 1
  385 1
  386 1
  387 1
  388 1
  389 1
  390 1
  391 1
  392 1
  393 1
  394 1
  395 1
  396 1
  397 1
  398 1
  399 1
  400 1
  401 1
  402 1
  403 1
  404 1
  405 1
  406 1
  407 1
  408 1
  409 1
  410 1
  411 1
  412 1
  413 1
  414 1
  415 1
  416 1
  417 1
  418 1
  419 1
  420 1
  421 1
  422 1
  423 1
  424 1
  425 1
  426 1
  427 1
  428 1
  429 1
  430 1
  431 1
  432 1
  433 1
  434 1
  435 1
  436 1
  437 1
  438 1
  439 1
  440 1
  441 1
  442 1
  443 1
  444 1
  445 1
EOF
