VRPTEST 1.0
COMMENT: descr: Modified tsplib for the OBP
COMMENT: Best known objective: 7872.295
COMMENT: Computational time (s): 11347.452712000002
NAME: c812_3a4f
NUM_CAPACITIES: 1
NUM_VISITS: 812
NUM_VEHICLES: 54
CAPACITIES: 10
DATA_SECTION
DEPOTS
  0
  1
VISIT_LOCATION_SECTION
  2 912
  3 1885
  4 1896
  5 585
  6 1150
  7 2026
  8 1447
  9 1851
  10 1907
  11 801
  12 253
  13 165
  14 401
  15 1372
  16 1782
  17 1728
  18 1379
  19 1626
  20 561
  21 751
  22 1804
  23 495
  24 619
  25 421
  26 1217
  27 450
  28 288
  29 974
  30 1534
  31 1177
  32 1744
  33 116
  34 586
  35 96
  36 160
  37 1784
  38 1736
  39 1923
  40 668
  41 669
  42 1107
  43 345
  44 1794
  45 1366
  46 1097
  47 1894
  48 299
  49 1713
  50 1765
  51 1302
  52 2025
  53 1545
  54 1108
  55 1076
  56 266
  57 821
  58 2138
  59 1081
  60 383
  61 1978
  62 1346
  63 1341
  64 1158
  65 152
  66 286
  67 1856
  68 174
  69 449
  70 933
  71 1657
  72 1972
  73 39
  74 1707
  75 244
  76 349
  77 781
  78 3
  79 339
  80 1489
  81 2162
  82 764
  83 861
  84 1882
  85 1092
  86 433
  87 1544
  88 1355
  89 400
  90 2118
  91 909
  92 426
  93 632
  94 74
  95 2070
  96 26
  97 1850
  98 706
  99 1663
  100 1220
  101 1391
  102 2078
  103 1890
  104 170
  105 334
  106 1118
  107 328
  108 1918
  109 1075
  110 1792
  111 812
  112 2158
  113 1888
  114 1513
  115 2069
  116 1840
  117 1575
  118 119
  119 1679
  120 572
  121 393
  122 1486
  123 1754
  124 158
  125 1944
  126 1334
  127 1644
  128 657
  129 683
  130 329
  131 1524
  132 25
  133 2015
  134 351
  135 492
  136 1344
  137 216
  138 2082
  139 1058
  140 635
  141 1135
  142 1446
  143 442
  144 1386
  145 1669
  146 609
  147 73
  148 1474
  149 776
  150 1689
  151 2012
  152 157
  153 1422
  154 235
  155 176
  156 513
  157 1492
  158 315
  159 121
  160 693
  161 2054
  162 1676
  163 1104
  164 564
  165 728
  166 1560
  167 671
  168 69
  169 607
  170 1396
  171 316
  172 18
  173 496
  174 1260
  175 1537
  176 1481
  177 832
  178 875
  179 1025
  180 2068
  181 275
  182 540
  183 308
  184 1088
  185 1622
  186 1046
  187 1404
  188 306
  189 733
  190 1378
  191 782
  192 1639
  193 1134
  194 1257
  195 238
  196 1612
  197 2027
  198 630
  199 1611
  200 688
  201 148
  202 477
  203 1197
  204 464
  205 1881
  206 364
  207 1864
  208 1488
  209 2076
  210 2169
  211 163
  212 124
  213 705
  214 2038
  215 2117
  216 1281
  217 645
  218 1448
  219 965
  220 1141
  221 1981
  222 1965
  223 1407
  224 686
  225 2137
  226 827
  227 531
  228 417
  229 1952
  230 1002
  231 81
  232 1557
  233 338
  234 620
  235 1768
  236 595
  237 451
  238 762
  239 1154
  240 239
  241 2030
  242 765
  243 746
  244 1287
  245 139
  246 2115
  247 474
  248 1757
  249 1813
  250 1143
  251 1969
  252 745
  253 1532
  254 2141
  255 892
  256 44
  257 478
  258 848
  259 1156
  260 1208
  261 1275
  262 1080
  263 1099
  264 399
  265 470
  266 133
  267 1325
  268 1188
  269 1147
  270 783
  271 1783
  272 314
  273 755
  274 532
  275 1724
  276 1259
  277 88
  278 445
  279 406
  280 1843
  281 132
  282 466
  283 949
  284 1460
  285 2157
  286 846
  287 107
  288 2009
  289 1040
  290 1367
  291 1817
  292 515
  293 1760
  294 905
  295 1306
  296 1352
  297 2028
  298 65
  299 207
  300 829
  301 1531
  302 1808
  303 237
  304 372
  305 1931
  306 1576
  307 1301
  308 1953
  309 1333
  310 2095
  311 1063
  312 1427
  313 1543
  314 1462
  315 522
  316 1096
  317 700
  318 1184
  319 263
  320 2130
  321 599
  322 987
  323 1503
  324 1621
  325 1023
  326 1985
  327 1300
  328 652
  329 1662
  330 2000
  331 2007
  332 458
  333 251
  334 1696
  335 447
  336 1419
  337 1528
  338 1742
  339 523
  340 1617
  341 857
  342 837
  343 625
  344 826
  345 2029
  346 1420
  347 431
  348 1189
  349 1285
  350 548
  351 1928
  352 255
  353 2041
  354 1036
  355 617
  356 775
  357 994
  358 1712
  359 1037
  360 1438
  361 1055
  362 1588
  363 22
  364 1085
  365 1995
  366 2133
  367 559
  368 940
  369 281
  370 10
  371 2168
  372 568
  373 1646
  374 103
  375 1254
  376 1190
  377 1161
  378 29
  379 1321
  380 1417
  381 1377
  382 1202
  383 2145
  384 2010
  385 1852
  386 1299
  387 870
  388 1455
  389 871
  390 1814
  391 410
  392 2144
  393 38
  394 1704
  395 1252
  396 608
  397 1219
  398 1471
  399 1452
  400 1860
  401 530
  402 2008
  403 925
  404 1701
  405 1105
  406 192
  407 403
  408 590
  409 1569
  410 512
  411 448
  412 655
  413 19
  414 894
  415 1196
  416 582
  417 1180
  418 456
  419 1891
  420 1905
  421 684
  422 772
  423 461
  424 300
  425 1082
  426 1429
  427 1762
  428 1711
  429 2011
  430 785
  431 633
  432 1541
  433 1585
  434 407
  435 375
  436 877
  437 365
  438 1239
  439 2074
  440 394
  441 242
  442 737
  443 1897
  444 1806
  445 2150
  446 1152
  447 414
  448 486
  449 1339
  450 1411
  451 98
  452 519
  453 443
  454 1839
  455 562
  456 1074
  457 2154
  458 1426
  459 1243
  460 1759
  461 491
  462 459
  463 1413
  464 1405
  465 2120
  466 766
  467 517
  468 600
  469 454
  470 865
  471 487
  472 1297
  473 1090
  474 2152
  475 1000
  476 1236
  477 2131
  478 904
  479 56
  480 649
  481 292
  482 961
  483 79
  484 1810
  485 1289
  486 1514
  487 1059
  488 1327
  489 1848
  490 2101
  491 789
  492 259
  493 42
  494 1072
  495 1763
  496 381
  497 1357
  498 1558
  499 1974
  500 1743
  501 1656
  502 472
  503 1668
  504 1120
  505 1457
  506 565
  507 603
  508 350
  509 1580
  510 1149
  511 1280
  512 1203
  513 485
  514 143
  515 627
  516 87
  517 317
  518 691
  519 293
  520 1295
  521 1201
  522 992
  523 896
  524 397
  525 37
  526 1269
  527 2067
  528 231
  529 1892
  530 1060
  531 1674
  532 797
  533 323
  534 929
  535 873
  536 1725
  537 2136
  538 934
  539 790
  540 1924
  541 197
  542 928
  543 1095
  544 1218
  545 446
  546 551
  547 1385
  548 716
  549 500
  550 1335
  551 922
  552 1887
  553 408
  554 2050
  555 1650
  556 2091
  557 1209
  558 674
  559 1561
  560 505
  561 428
  562 2036
  563 1960
  564 1977
  565 1795
  566 903
  567 1441
  568 36
  569 387
  570 252
  571 1658
  572 710
  573 1861
  574 1778
  575 374
  576 1274
  577 979
  578 1312
  579 59
  580 489
  581 297
  582 947
  583 1268
  584 1884
  585 1248
  586 554
  587 1359
  588 924
  589 883
  590 583
  591 130
  592 1834
  593 149
  594 1439
  595 2046
  596 1837
  597 2040
  598 1193
  599 279
  600 1368
  601 993
  602 863
  603 824
  604 1748
  605 1910
  606 962
  607 1816
  608 287
  609 194
  610 1047
  611 1414
  612 817
  613 687
  614 638
  615 1305
  616 1277
  617 1495
  618 1530
  619 1382
  620 94
  621 1054
  622 181
  623 972
  624 678
  625 698
  626 1841
  627 819
  628 1010
  629 1830
  630 851
  631 855
  632 547
  633 881
  634 2125
  635 2013
  636 1868
  637 752
  638 1013
  639 199
  640 1556
  641 654
  642 1173
  643 579
  644 1999
  645 1388
  646 1136
  647 964
  648 1739
  649 1247
  650 110
  651 694
  652 1746
  653 2016
  654 1258
  655 219
  656 2084
  657 864
  658 468
  659 225
  660 220
  661 1127
  662 363
  663 1235
  664 331
  665 1371
  666 64
  667 416
  668 642
  669 1553
  670 23
  671 697
  672 71
  673 749
  674 1525
  675 1007
  676 1410
  677 2105
  678 84
  679 854
  680 1394
  681 612
  682 100
  683 1066
  684 1737
  685 215
  686 1819
  687 1774
  688 1031
  689 1137
  690 1983
  691 1186
  692 796
  693 1600
  694 1831
  695 911
  696 1609
  697 1967
  698 2053
  699 1651
  700 2073
  701 932
  702 631
  703 1210
  704 327
  705 1122
  706 2033
  707 1579
  708 469
  709 1192
  710 1867
  711 1870
  712 257
  713 2032
  714 435
  715 1148
  716 852
  717 1865
  718 950
  719 900
  720 1587
  721 552
  722 955
  723 126
  724 1458
  725 1521
  726 920
  727 2164
  728 1320
  729 1552
  730 1397
  731 767
  732 1625
  733 574
  734 1315
  735 1876
  736 30
  737 927
  738 598
  739 173
  740 1482
  741 1363
  742 1618
  743 1086
  744 2096
  745 838
  746 1607
  747 975
  748 1573
  749 1431
  750 622
  751 2079
  752 997
  753 422
  754 432
  755 696
  756 641
  757 43
  758 879
  759 1132
  760 592
  761 1756
  762 1129
  763 125
  764 917
  765 379
  766 988
  767 369
  768 648
  769 1370
  770 1720
  771 2110
  772 998
  773 438
  774 843
  775 1835
  776 989
  777 405
  778 1434
  779 520
  780 1989
  781 1630
  782 1799
  783 1451
  784 1380
  785 584
  786 2147
  787 189
  788 1139
  789 777
COMMENT: TIMESTEP: 1
ORDERS_SECTION
  1 2
  2 3
  3 4 5
  4 6
  5 7
  6 8 9
  7 10 11
  8 12 13
  9 14 15
  10 16 17
  11 18
  12 19 20
  13 21
  14 22
  15 23
  16 24
  17 25 26
  18 27 28
  19 29 30
  20 31 32
  21 33
  22 34 35
  23 36 37
  24 38
  25 39
  26 40
  27 41
  28 42 43
  29 44
  30 45 46
  31 47
  32 48 49
  33 50 51
  34 52 53
  35 54
  36 55 56
  37 57 58
  38 59 60
  39 61
  40 62
  41 63
  42 64 493
  43 65
  44 66
  45 67 68
  46 69 70
  47 71
  48 72 73 563
  49 74 75
  50 76
  51 77 78
  52 79 80
  53 81 82
  54 83
  55 84 85
  56 86 87
  57 88 89
  58 90
  59 91
  60 92
  61 93
  62 94
  63 95
  64 96
  65 97
  66 98
  67 99 100
  68 101
  69 102
  70 103 104
  71 105 106
  72 107 108
  73 109
  74 110 111
  75 112
  76 113
  77 114 115
  78 116 117
  79 118 119
  80 120 121
  81 122
  82 123 124
  83 125
  84 126 127
  85 128
  86 129
  87 130 131
  88 132
  89 133 134
  90 135 136
  91 137
  92 138 139
  93 140
  94 141
  95 142
  96 143 144
  97 145 146
  98 147
  99 148 149
  100 150
  101 151
  102 152 153
  103 154 155
  104 156
  105 157
  106 158
  107 159 160
  108 161
  109 162
  110 163 164
  111 165 166
  112 167 168
  113 169
  114 170 171
  115 172
  116 173
  117 174
  118 175 742
  119 176
  120 177 178
  121 179
  122 180 181
  123 182
  124 183 184
  125 185
  126 186 187
  127 188
  128 189
  129 190 191
  130 192 193
  131 194 195
  132 196 197
  133 198 199
  134 200
  135 201
  136 202 203 478
  137 204
  138 205
  139 206
  140 207 208
  141 209 210
  142 211 212
  143 213
  144 214
  145 215
  146 216 217
  147 218 219
  148 220 221
  149 222 223
  150 224
  151 225 226
  152 227 228
  153 229 230
  154 231
  155 232 233
  156 234
  157 235
  158 236 237
  159 238 239
  160 240
  161 241 242
  162 243 443
  163 244 245
  164 246 247
  165 248
  166 249
  167 250
  168 251 252 629
  169 253
  170 254 255
  171 256 257
  172 258 259
  173 260 261
  174 262 459
  175 263 264
  176 265
  177 266
  178 267
  179 268 269
  180 270 271
  181 272
  182 273 274
  183 275
  184 276
  185 277 278
  186 279 280
  187 281 282
  188 283
  189 284
  190 285 286
  191 287
  192 288
  193 289
  194 290
  195 291 292
  196 293
  197 294 295
  198 296 297
  199 298
  200 299 300
  201 301 302
  202 303
  203 304
  204 305 306
  205 307
  206 308 309
  207 310
  208 311
  209 312 313
  210 314 315
  211 316
  212 317 318
  213 319
  214 320
  215 321 322
  216 323
  217 324 325
  218 326
  219 327 328
  220 329
  221 330 331
  222 332
  223 333 334
  224 335
  225 336 337
  226 338
  227 339
  228 340 341
  229 342
  230 343 344
  231 345
  232 346 347
  233 348
  234 349
  235 350
  236 351 352
  237 353
  238 354 355
  239 356 357
  240 358 359
  241 360
  242 361
  243 362 363
  244 364
  245 365
  246 366
  247 367
  248 368 369
  249 370
  250 371
  251 372
  252 373 374
  253 375
  254 376
  255 377 378
  256 379
  257 380
  258 381
  259 382 383
  260 384
  261 385
  262 386 387
  263 388 389
  264 390
  265 391 392
  266 393
  267 394 395
  268 396 397
  269 398
  270 399
  271 400 401
  272 402
  273 403 404
  274 405 406
  275 407 408
  276 409
  277 410 742
  278 411 412
  279 413
  280 414
  281 415 416
  282 417
  283 418
  284 419 420
  285 421 694
  286 422
  287 423
  288 424
  289 425 426
  290 427 428
  291 429 430
  292 431
  293 432 433
  294 434
  295 435
  296 436
  297 437 438
  298 439
  299 440
  300 441
  301 442 443
  302 444
  303 445 446
  304 447 448
  305 449 450
  306 451 421
  307 452 453
  308 454 455 227
  309 456
  310 457 458
  311 459 460
  312 461
  313 462
  314 463
  315 464 465
  316 466
  317 467
  318 468 469
  319 470 471
  320 472
  321 473
  322 474 475 256
  323 476 477
  324 478
  325 479 480
  326 481
  327 482 483 379
  328 484
  329 485 486
  330 487 488
  331 489 490
  332 491
  333 492
  334 493
  335 494 495
  336 496
  337 497
  338 498
  339 499
  340 500
  341 501
  342 502 503 24
  343 504 505
  344 506 507
  345 508
  346 509
  347 510
  348 511 512
  349 513
  350 514
  351 515
  352 516 517
  353 518
  354 519
  355 520
  356 521
  357 522
  358 523
  359 524 525
  360 526
  361 527
  362 528 768
  363 529
  364 530
  365 531
  366 532
  367 533
  368 534 535
  369 536
  370 537 538 287
  371 539
  372 540 541
  373 542 543 275
  374 544
  375 545 546
  376 547 548
  377 549 550
  378 551
  379 552 553
  380 554
  381 555
  382 556 557
  383 558 559
  384 560 561
  385 562 563
  386 564
  387 565 566
  388 567
  389 568
  390 569 570
  391 571 572
  392 573
  393 574 575
  394 576 577
  395 578
  396 579
  397 580 581
  398 582 583
  399 584 585
  400 586
  401 587 588
  402 589 590
  403 591 592
  404 593
  405 594 595
  406 596 597
  407 598
  408 599
  409 600 601
  410 602 603
  411 604
  412 605 606
  413 607 608
  414 609
  415 610 611
  416 612 613
  417 614
  418 615
  419 616 617
  420 618 619
  421 620
  422 621 622
  423 623 624
  424 625 626
  425 627
  426 628 629
  427 630
  428 631
  429 632 633
  430 634 635
  431 636 637 457
  432 638 639
  433 640
  434 641 642
  435 643 644
  436 645
  437 646 647
  438 648
  439 649 650
  440 651 652
  441 653 654
  442 655 656
  443 657 658
  444 659
  445 660 661
  446 662 663
  447 664
  448 665
  449 666 667
  450 668
  451 669 670
  452 671 672
  453 673 674
  454 675 676
  455 677 678
  456 679
  457 680 681
  458 682
  459 683 429
  460 684
  461 685 686 754
  462 687 706
  463 688 689
  464 690
  465 691
  466 692 693
  467 694 695
  468 696
  469 697 698
  470 699 700
  471 701
  472 702
  473 703
  474 704
  475 705 706
  476 707
  477 708
  478 709
  479 710
  480 711 712
  481 713
  482 714 715
  483 716 717
  484 718 719
  485 720
  486 721
  487 722 723
  488 724
  489 725 726
  490 727
  491 728
  492 729 730
  493 731
  494 732 181
  495 733 734
  496 735
  497 736
  498 737 738
  499 739
  500 740 741
  501 742
  502 743 744
  503 745
  504 746 747
  505 748
  506 749 659
  507 750
  508 751
  509 752
  510 753
  511 754
  512 755 756
  513 757
  514 758
  515 759
  516 760
  517 761 762
  518 763 764
  519 765
  520 766
  521 767 768
  522 769
  523 770
  524 771
  525 772
  526 773 774
  527 775
  528 776 777
  529 778
  530 779 780
  531 781
  532 782 520
  533 783 784
  534 785
  535 786 787
  536 788
  537 789
TIME_AVAIL_SECTION
  1 1
  2 1
  3 1
  4 1
  5 1
  6 1
  7 1
  8 1
  9 1
  10 1
  11 1
  12 1
  13 1
  14 1
  15 1
  16 1
  17 1
  18 1
  19 1
  20 1
  21 1
  22 1
  23 1
  24 1
  25 1
  26 1
  27 1
  28 1
  29 1
  30 1
  31 1
  32 1
  33 1
  34 1
  35 1
  36 1
  37 1
  38 1
  39 1
  40 1
  41 1
  42 1
  43 1
  44 1
  45 1
  46 1
  47 1
  48 1
  49 1
  50 1
  51 1
  52 1
  53 1
  54 1
  55 1
  56 1
  57 1
  58 1
  59 1
  60 1
  61 1
  62 1
  63 1
  64 1
  65 1
  66 1
  67 1
  68 1
  69 1
  70 1
  71 1
  72 1
  73 1
  74 1
  75 1
  76 1
  77 1
  78 1
  79 1
  80 1
  81 1
  82 1
  83 1
  84 1
  85 1
  86 1
  87 1
  88 1
  89 1
  90 1
  91 1
  92 1
  93 1
  94 1
  95 1
  96 1
  97 1
  98 1
  99 1
  100 1
  101 1
  102 1
  103 1
  104 1
  105 1
  106 1
  107 1
  108 1
  109 1
  110 1
  111 1
  112 1
  113 1
  114 1
  115 1
  116 1
  117 1
  118 1
  119 1
  120 1
  121 1
  122 1
  123 1
  124 1
  125 1
  126 1
  127 1
  128 1
  129 1
  130 1
  131 1
  132 1
  133 1
  134 1
  135 1
  136 1
  137 1
  138 1
  139 1
  140 1
  141 1
  142 1
  143 1
  144 1
  145 1
  146 1
  147 1
  148 1
  149 1
  150 1
  151 1
  152 1
  153 1
  154 1
  155 1
  156 1
  157 1
  158 1
  159 1
  160 1
  161 1
  162 1
  163 1
  164 1
  165 1
  166 1
  167 1
  168 1
  169 1
  170 1
  171 1
  172 1
  173 1
  174 1
  175 1
  176 1
  177 1
  178 1
  179 1
  180 1
  181 1
  182 1
  183 1
  184 1
  185 1
  186 1
  187 1
  188 1
  189 1
  190 1
  191 1
  192 1
  193 1
  194 1
  195 1
  196 1
  197 1
  198 1
  199 1
  200 1
  201 1
  202 1
  203 1
  204 1
  205 1
  206 1
  207 1
  208 1
  209 1
  210 1
  211 1
  212 1
  213 1
  214 1
  215 1
  216 1
  217 1
  218 1
  219 1
  220 1
  221 1
  222 1
  223 1
  224 1
  225 1
  226 1
  227 1
  228 1
  229 1
  230 1
  231 1
  232 1
  233 1
  234 1
  235 1
  236 1
  237 1
  238 1
  239 1
  240 1
  241 1
  242 1
  243 1
  244 1
  245 1
  246 1
  247 1
  248 1
  249 1
  250 1
  251 1
  252 1
  253 1
  254 1
  255 1
  256 1
  257 1
  258 1
  259 1
  260 1
  261 1
  262 1
  263 1
  264 1
  265 1
  266 1
  267 1
  268 1
  269 1
  270 1
  271 1
  272 1
  273 1
  274 1
  275 1
  276 1
  277 1
  278 1
  279 1
  280 1
  281 1
  282 1
  283 1
  284 1
  285 1
  286 1
  287 1
  288 1
  289 1
  290 1
  291 1
  292 1
  293 1
  294 1
  295 1
  296 1
  297 1
  298 1
  299 1
  300 1
  301 1
  302 1
  303 1
  304 1
  305 1
  306 1
  307 1
  308 1
  309 1
  310 1
  311 1
  312 1
  313 1
  314 1
  315 1
  316 1
  317 1
  318 1
  319 1
  320 1
  321 1
  322 1
  323 1
  324 1
  325 1
  326 1
  327 1
  328 1
  329 1
  330 1
  331 1
  332 1
  333 1
  334 1
  335 1
  336 1
  337 1
  338 1
  339 1
  340 1
  341 1
  342 1
  343 1
  344 1
  345 1
  346 1
  347 1
  348 1
  349 1
  350 1
  351 1
  352 1
  353 1
  354 1
  355 1
  356 1
  357 1
  358 1
  359 1
  360 1
  361 1
  362 1
  363 1
  364 1
  365 1
  366 1
  367 1
  368 1
  369 1
  370 1
  371 1
  372 1
  373 1
  374 1
  375 1
  376 1
  377 1
  378 1
  379 1
  380 1
  381 1
  382 1
  383 1
  384 1
  385 1
  386 1
  387 1
  388 1
  389 1
  390 1
  391 1
  392 1
  393 1
  394 1
  395 1
  396 1
  397 1
  398 1
  399 1
  400 1
  401 1
  402 1
  403 1
  404 1
  405 1
  406 1
  407 1
  408 1
  409 1
  410 1
  411 1
  412 1
  413 1
  414 1
  415 1
  416 1
  417 1
  418 1
  419 1
  420 1
  421 1
  422 1
  423 1
  424 1
  425 1
  426 1
  427 1
  428 1
  429 1
  430 1
  431 1
  432 1
  433 1
  434 1
  435 1
  436 1
  437 1
  438 1
  439 1
  440 1
  441 1
  442 1
  443 1
  444 1
  445 1
  446 1
  447 1
  448 1
  449 1
  450 1
  451 1
  452 1
  453 1
  454 1
  455 1
  456 1
  457 1
  458 1
  459 1
  460 1
  461 1
  462 1
  463 1
  464 1
  465 1
  466 1
  467 1
  468 1
  469 1
  470 1
  471 1
  472 1
  473 1
  474 1
  475 1
  476 1
  477 1
  478 1
  479 1
  480 1
  481 1
  482 1
  483 1
  484 1
  485 1
  486 1
  487 1
  488 1
  489 1
  490 1
  491 1
  492 1
  493 1
  494 1
  495 1
  496 1
  497 1
  498 1
  499 1
  500 1
  501 1
  502 1
  503 1
  504 1
  505 1
  506 1
  507 1
  508 1
  509 1
  510 1
  511 1
  512 1
  513 1
  514 1
  515 1
  516 1
  517 1
  518 1
  519 1
  520 1
  521 1
  522 1
  523 1
  524 1
  525 1
  526 1
  527 1
  528 1
  529 1
  530 1
  531 1
  532 1
  533 1
  534 1
  535 1
  536 1
  537 1
EOF
