VRPTEST 1.0
COMMENT: descr: Modified tsplib for the OBP
COMMENT: Best known objective: 3715.115
COMMENT: Computational time (s): 3157.2718760000002
NAME: c735_966a
NUM_CAPACITIES: 1
NUM_VISITS: 735
NUM_VEHICLES: 19
CAPACITIES: 26
DATA_SECTION
DEPOTS
  0
  1
VISIT_LOCATION_SECTION
  2 449
  3 1197
  4 1149
  5 2089
  6 1175
  7 1752
  8 645
  9 121
  10 1266
  11 2119
  12 459
  13 1157
  14 371
  15 1941
  16 374
  17 1510
  18 1167
  19 138
  20 964
  21 1352
  22 1097
  23 145
  24 1208
  25 363
  26 2058
  27 1924
  28 751
  29 915
  30 877
  31 1336
  32 2079
  33 739
  34 1329
  35 1884
  36 1296
  37 775
  38 893
  39 681
  40 1347
  41 1541
  42 2068
  43 469
  44 1505
  45 171
  46 1504
  47 1052
  48 760
  49 1739
  50 1919
  51 719
  52 584
  53 2081
  54 1443
  55 1117
  56 1604
  57 635
  58 1742
  59 750
  60 1891
  61 1607
  62 845
  63 509
  64 1685
  65 1077
  66 495
  67 928
  68 1747
  69 1203
  70 1394
  71 1271
  72 1835
  73 1562
  74 1740
  75 2118
  76 811
  77 570
  78 992
  79 2117
  80 1832
  81 433
  82 777
  83 938
  84 2101
  85 1868
  86 1864
  87 1560
  88 759
  89 1591
  90 813
  91 1216
  92 1922
  93 972
  94 254
  95 296
  96 1136
  97 828
  98 1774
  99 418
  100 264
  101 2055
  102 883
  103 581
  104 941
  105 2141
  106 1565
  107 311
  108 1886
  109 181
  110 1119
  111 1664
  112 244
  113 1332
  114 2060
  115 984
  116 1222
  117 730
  118 143
  119 2165
  120 597
  121 411
  122 1818
  123 826
  124 987
  125 458
  126 592
  127 664
  128 1241
  129 1363
  130 498
  131 2001
  132 56
  133 1849
  134 2109
  135 1272
  136 399
  137 2012
  138 1543
  139 1090
  140 841
  141 431
  142 1684
  143 1265
  144 1494
  145 1694
  146 1005
  147 128
  148 1495
  149 2163
  150 729
  151 821
  152 955
  153 1484
  154 1851
  155 1370
  156 833
  157 1848
  158 1359
  159 1462
  160 400
  161 2125
  162 562
  163 1108
  164 1524
  165 965
  166 1364
  167 736
  168 1277
  169 142
  170 1660
  171 734
  172 1036
  173 77
  174 752
  175 551
  176 524
  177 1769
  178 940
  179 1865
  180 196
  181 1139
  182 352
  183 1712
  184 1070
  185 69
  186 496
  187 1867
  188 1823
  189 676
  190 673
  191 281
  192 1010
  193 140
  194 1661
  195 47
  196 1606
  197 1547
  198 320
  199 2021
  200 1756
  201 1584
  202 1947
  203 713
  204 1850
  205 583
  206 455
  207 223
  208 665
  209 1618
  210 725
  211 1537
  212 1711
  213 1817
  214 2138
  215 1670
  216 791
  217 405
  218 656
  219 554
  220 102
  221 1152
  222 866
  223 1794
  224 1476
  225 981
  226 23
  227 733
  228 1928
  229 1575
  230 430
  231 1720
  232 460
  233 1744
  234 106
  235 846
  236 299
  237 818
  238 850
  239 744
  240 1483
  241 1473
  242 1834
  243 1155
  244 309
  245 613
  246 710
  247 1091
  248 1417
  249 1214
  250 1619
  251 1085
  252 1429
  253 1172
  254 116
  255 2046
  256 537
  257 307
  258 448
  259 627
  260 2063
  261 948
  262 1143
  263 674
  264 1992
  265 1023
  266 1031
  267 1759
  268 1695
  269 1688
  270 1642
  271 414
  272 599
  273 488
  274 410
  275 512
  276 513
  277 569
  278 661
  279 1933
  280 1544
  281 1083
  282 1138
  283 1269
  284 837
  285 1431
  286 1228
  287 797
  288 1576
  289 605
  290 1807
  291 1977
  292 668
  293 1897
  294 1492
  295 1330
  296 1033
  297 1262
  298 1521
  299 1904
  300 2111
  301 832
  302 150
  303 1299
  304 503
  305 688
  306 186
  307 1693
  308 1353
  309 439
  310 1072
  311 641
  312 1131
  313 350
  314 318
  315 240
  316 1344
  317 1847
  318 1040
  319 457
  320 1339
  321 927
  322 659
  323 2075
  324 339
  325 868
  326 9
  327 820
  328 590
  329 207
  330 41
  331 540
  332 870
  333 1665
  334 468
  335 1278
  336 133
  337 494
  338 1454
  339 697
  340 1978
  341 2135
  342 68
  343 817
  344 549
  345 243
  346 1762
  347 395
  348 1076
  349 1781
  350 1951
  351 1201
  352 31
  353 632
  354 1905
  355 1820
  356 407
  357 1221
  358 1717
  359 1141
  360 534
  361 1283
  362 1602
  363 1507
  364 819
  365 876
  366 1472
  367 742
  368 1590
  369 354
  370 397
  371 1677
  372 1930
  373 1402
  374 1917
  375 887
  376 666
  377 1095
  378 1622
  379 1949
  380 1673
  381 1765
  382 1121
  383 2072
  384 440
  385 1486
  386 1525
  387 1368
  388 1497
  389 1335
  390 450
  391 1435
  392 1148
  393 829
  394 1982
  395 529
  396 212
  397 338
  398 917
  399 809
  400 124
  401 708
  402 1393
  403 424
  404 2149
  405 1410
  406 484
  407 565
  408 2160
  409 315
  410 86
  411 215
  412 1292
  413 1531
  414 1084
  415 922
  416 687
  417 2078
  418 1134
  419 564
  420 1636
  421 462
  422 559
  423 1188
  424 602
  425 406
  426 257
  427 54
  428 655
  429 1585
  430 1748
  431 1679
  432 1876
  433 1603
  434 1915
  435 2043
  436 869
  437 1519
  438 603
  439 1771
  440 1843
  441 1254
  442 1813
  443 383
  444 1297
  445 1736
  446 162
  447 1427
  448 547
  449 1447
  450 521
  451 536
  452 859
  453 677
  454 1426
  455 1549
  456 1559
  457 1831
  458 1324
  459 1235
  460 1249
  461 861
  462 456
  463 104
  464 474
  465 989
  466 487
  467 1416
  468 1080
  469 1700
  470 1882
  471 1446
  472 1592
  473 282
  474 1710
  475 2
  476 650
  477 634
  478 601
  479 1828
  480 380
  481 1491
  482 998
  483 2052
  484 1755
  485 473
  486 2083
  487 1480
  488 1767
  489 1100
  490 204
  491 1380
  492 89
  493 920
  494 426
  495 1092
  496 438
  497 1042
  498 8
  499 126
  500 2030
  501 2131
  502 624
  503 199
  504 690
  505 1594
  506 2134
  507 1477
  508 90
  509 1011
  510 2092
  511 701
  512 1041
  513 604
  514 911
  515 1243
  516 27
  517 57
  518 1935
  519 997
  520 1186
  521 195
  522 1079
  523 905
  524 472
  525 886
  526 1963
  527 864
  528 50
  529 1248
  530 544
  531 2036
  532 292
  533 1893
  534 2054
  535 1718
  536 368
  537 1118
  538 2009
  539 573
  540 1553
  541 616
  542 774
  543 1147
  544 1490
  545 2002
  546 1666
  547 402
  548 2029
  549 1354
  550 1625
  551 165
  552 1261
  553 858
  554 1116
  555 2143
  556 2016
  557 2034
  558 594
  559 1687
  560 2064
  561 746
  562 1946
  563 175
  564 903
  565 988
  566 1122
  567 2008
  568 822
  569 148
  570 950
  571 1279
  572 2110
  573 1055
  574 2158
  575 62
  576 957
  577 441
  578 652
  579 1811
  580 1275
  581 595
  582 1539
  583 120
  584 96
  585 1425
  586 1645
  587 13
  588 1438
  589 993
  590 1104
  591 1400
  592 1932
  593 531
  594 423
  595 1350
  596 1308
  597 1754
  598 37
  599 1784
  600 442
  601 211
  602 1615
  603 648
  604 639
  605 1015
  606 485
  607 1361
  608 790
  609 2085
  610 1751
  611 853
  612 1903
  613 892
  614 620
  615 1809
  616 1415
  617 303
  618 996
  619 1420
  620 1166
  621 1230
  622 678
  623 1892
  624 1244
  625 1885
  626 726
  627 335
  628 1388
  629 1846
  630 807
  631 2076
  632 1150
  633 954
  634 415
  635 1627
  636 1102
  637 1211
  638 778
  639 785
  640 1749
  641 1129
  642 30
  643 263
  644 831
  645 172
  646 1218
  647 1514
  648 428
  649 1863
  650 986
  651 420
  652 1294
  653 103
  654 900
  655 169
  656 464
  657 1839
  658 1378
  659 577
  660 151
  661 806
  662 755
  663 1926
  664 344
  665 2053
  666 1792
  667 838
  668 183
  669 1929
  670 325
  671 2095
  672 163
  673 1231
  674 52
  675 298
  676 337
  677 1821
  678 571
  679 1561
  680 1713
  681 588
  682 1399
  683 542
  684 2037
  685 159
  686 501
  687 2070
  688 1452
  689 1788
  690 1708
  691 1638
  692 579
  693 1419
  694 1274
  695 1862
  696 2142
  697 2027
  698 781
  699 466
  700 798
  701 2050
  702 1563
  703 1789
  704 1423
  705 1093
  706 1267
  707 422
  708 732
  709 1923
  710 372
  711 1239
  712 612
  713 1465
  714 1960
  715 2032
  716 161
  717 1632
  718 929
  719 1303
  720 1385
  721 1914
  722 1056
  723 1780
  724 1658
  725 823
  726 232
  727 1016
  728 58
COMMENT: TIMESTEP: 1
ORDERS_SECTION
  1 2 3
  2 4
  3 5 6
  4 7
  5 8 9
  6 10 11
  7 12 13
  8 14 15
  9 16
  10 17 18
  11 19 20
  12 21 22
  13 23
  14 24 25
  15 26 27
  16 28 29
  17 30
  18 31
  19 32 33
  20 34
  21 35
  22 36
  23 37
  24 38 39
  25 40
  26 41 42
  27 43
  28 44 45
  29 46 47
  30 48 49
  31 50
  32 51
  33 52
  34 53
  35 54 55
  36 56 57
  37 58 59
  38 60
  39 61
  40 62
  41 63 64
  42 65 66 547
  43 67
  44 68
  45 69
  46 70
  47 71 72
  48 73 74
  49 75 76
  50 77
  51 78
  52 79
  53 80 81
  54 82 696
  55 83 84
  56 85 86
  57 87 88
  58 89 90
  59 91 92
  60 93 94
  61 95
  62 96
  63 97 98
  64 99 100
  65 101
  66 102 103
  67 104
  68 105 106
  69 107
  70 108
  71 109
  72 110 111
  73 112
  74 113 114
  75 115
  76 116 117
  77 118 119
  78 120
  79 121 122
  80 123 124
  81 125 126
  82 127 128
  83 129 130
  84 131
  85 132
  86 133 134
  87 135
  88 136
  89 137 138
  90 139 140
  91 141 142
  92 143
  93 144 145
  94 146 147
  95 148 149
  96 150
  97 151 152
  98 153
  99 154 155
  100 156 157
  101 158
  102 159 160
  103 161
  104 162 163 87
  105 164 165
  106 166 167
  107 168
  108 169 170
  109 171 172
  110 173 174
  111 175
  112 176
  113 177 178
  114 179
  115 180
  116 181 182
  117 183
  118 184 185
  119 186 187
  120 188 189
  121 190
  122 191
  123 192
  124 193 194
  125 195 196
  126 197 198
  127 199 200
  128 201
  129 202
  130 203
  131 204
  132 205
  133 206
  134 207 208
  135 209
  136 210 211
  137 212
  138 213
  139 214
  140 215
  141 216 217
  142 218 219
  143 220
  144 221
  145 222
  146 223
  147 224 225
  148 226
  149 227 228
  150 229 230
  151 231 232
  152 233
  153 234
  154 235
  155 236
  156 237
  157 238 239
  158 240
  159 241
  160 242
  161 243
  162 244
  163 245 246
  164 247 248
  165 249 250
  166 251 252
  167 253
  168 254 255
  169 256
  170 257 258
  171 259
  172 260 261
  173 262 263 343
  174 264
  175 265 266
  176 267
  177 268 269
  178 270 271
  179 272
  180 273
  181 274 275
  182 276
  183 277 278
  184 279
  185 280 281
  186 282 283
  187 284
  188 285 286
  189 287 288
  190 289 290
  191 291 292
  192 293 294
  193 295
  194 296 297
  195 298
  196 299
  197 300
  198 301 302
  199 303
  200 304 305
  201 306 307
  202 308 309
  203 310 311
  204 312 313
  205 314
  206 315
  207 316 317
  208 318 319
  209 320
  210 321 322
  211 323 324
  212 325
  213 326
  214 327
  215 328 329
  216 330 331
  217 332 333
  218 334 335
  219 336
  220 337
  221 338 339
  222 340
  223 341 342
  224 343
  225 344
  226 345
  227 346 347
  228 348
  229 349 350
  230 351
  231 352
  232 353
  233 354 355
  234 356 357
  235 358 359
  236 360
  237 361
  238 362 363
  239 364 365
  240 366 367
  241 368 369
  242 370
  243 371
  244 372
  245 373 374
  246 375
  247 376 377
  248 378 379
  249 380 381
  250 382 383
  251 384
  252 385 386
  253 387
  254 388 389
  255 390
  256 391
  257 392 393 220
  258 394 395
  259 396
  260 397 398
  261 399
  262 400
  263 401 402
  264 403
  265 404 405
  266 406 407
  267 408
  268 409 410
  269 411
  270 412 413
  271 414
  272 415 416
  273 417
  274 418
  275 419 420
  276 421
  277 422
  278 423 424
  279 425 426
  280 427
  281 428 429
  282 430
  283 431 432
  284 433 434
  285 435 436
  286 437
  287 438 439
  288 440
  289 441 442
  290 443 444
  291 445
  292 446
  293 447
  294 448 449
  295 450 451
  296 452
  297 453
  298 454
  299 455
  300 456 457
  301 458
  302 459
  303 460 461
  304 462 463
  305 464
  306 465
  307 466
  308 467
  309 468
  310 469 470
  311 471 472
  312 473
  313 474
  314 475
  315 476 477
  316 478 479
  317 480
  318 481 482
  319 483 484
  320 485 486
  321 487 488
  322 489 490
  323 491 492
  324 493 494
  325 495 496
  326 497
  327 498
  328 499
  329 500 501
  330 502 503
  331 504 454
  332 505 506
  333 507
  334 508 509
  335 510 511
  336 512
  337 513
  338 514
  339 515 516
  340 517 518
  341 519
  342 520 521
  343 522
  344 523
  345 524
  346 525 526
  347 527 528
  348 529 530
  349 531
  350 532 533
  351 534
  352 535
  353 536 537
  354 538 539
  355 540 541
  356 542 543
  357 544
  358 545
  359 546
  360 547 548
  361 549
  362 550 551
  363 552
  364 553 554
  365 555
  366 556
  367 557 558
  368 559
  369 560 561
  370 562
  371 563
  372 564 415
  373 565 566
  374 567 568
  375 569
  376 570 571
  377 572 573
  378 574
  379 575
  380 576
  381 577 578
  382 579
  383 580 581
  384 582 583
  385 584
  386 585 586
  387 587
  388 588 589
  389 590
  390 591
  391 592
  392 593
  393 594 595
  394 596 597
  395 598 599
  396 600 601
  397 602
  398 603
  399 604 605
  400 606
  401 607 608
  402 609
  403 610 611
  404 612 613
  405 614
  406 615
  407 616
  408 617 618
  409 619 620
  410 621
  411 622 623
  412 624
  413 625
  414 626 627
  415 628 629
  416 630
  417 631
  418 632
  419 633 634
  420 635
  421 636
  422 637 638
  423 639 640
  424 641
  425 642
  426 643
  427 644 645
  428 646 647
  429 648
  430 649 650
  431 651 652
  432 653
  433 654 655
  434 656 657
  435 658 659
  436 660 661
  437 662
  438 663
  439 664 665
  440 666 667
  441 668
  442 669
  443 670
  444 671
  445 672 673
  446 674 675
  447 676
  448 677 678
  449 679 680
  450 681 682
  451 683 684 172
  452 685 686
  453 687 688
  454 689
  455 690 691
  456 692 693
  457 694
  458 695 696
  459 697 698
  460 699 700
  461 701
  462 702 703
  463 704
  464 705
  465 706 707
  466 708 709
  467 710
  468 711
  469 712
  470 713
  471 714
  472 715 716
  473 717 718
  474 719
  475 720
  476 721
  477 722 723
  478 724 725
  479 726 727
  480 728
TIME_AVAIL_SECTION
  1 1
  2 1
  3 1
  4 1
  5 1
  6 1
  7 1
  8 1
  9 1
  10 1
  11 1
  12 1
  13 1
  14 1
  15 1
  16 1
  17 1
  18 1
  19 1
  20 1
  21 1
  22 1
  23 1
  24 1
  25 1
  26 1
  27 1
  28 1
  29 1
  30 1
  31 1
  32 1
  33 1
  34 1
  35 1
  36 1
  37 1
  38 1
  39 1
  40 1
  41 1
  42 1
  43 1
  44 1
  45 1
  46 1
  47 1
  48 1
  49 1
  50 1
  51 1
  52 1
  53 1
  54 1
  55 1
  56 1
  57 1
  58 1
  59 1
  60 1
  61 1
  62 1
  63 1
  64 1
  65 1
  66 1
  67 1
  68 1
  69 1
  70 1
  71 1
  72 1
  73 1
  74 1
  75 1
  76 1
  77 1
  78 1
  79 1
  80 1
  81 1
  82 1
  83 1
  84 1
  85 1
  86 1
  87 1
  88 1
  89 1
  90 1
  91 1
  92 1
  93 1
  94 1
  95 1
  96 1
  97 1
  98 1
  99 1
  100 1
  101 1
  102 1
  103 1
  104 1
  105 1
  106 1
  107 1
  108 1
  109 1
  110 1
  111 1
  112 1
  113 1
  114 1
  115 1
  116 1
  117 1
  118 1
  119 1
  120 1
  121 1
  122 1
  123 1
  124 1
  125 1
  126 1
  127 1
  128 1
  129 1
  130 1
  131 1
  132 1
  133 1
  134 1
  135 1
  136 1
  137 1
  138 1
  139 1
  140 1
  141 1
  142 1
  143 1
  144 1
  145 1
  146 1
  147 1
  148 1
  149 1
  150 1
  151 1
  152 1
  153 1
  154 1
  155 1
  156 1
  157 1
  158 1
  159 1
  160 1
  161 1
  162 1
  163 1
  164 1
  165 1
  166 1
  167 1
  168 1
  169 1
  170 1
  171 1
  172 1
  173 1
  174 1
  175 1
  176 1
  177 1
  178 1
  179 1
  180 1
  181 1
  182 1
  183 1
  184 1
  185 1
  186 1
  187 1
  188 1
  189 1
  190 1
  191 1
  192 1
  193 1
  194 1
  195 1
  196 1
  197 1
  198 1
  199 1
  200 1
  201 1
  202 1
  203 1
  204 1
  205 1
  206 1
  207 1
  208 1
  209 1
  210 1
  211 1
  212 1
  213 1
  214 1
  215 1
  216 1
  217 1
  218 1
  219 1
  220 1
  221 1
  222 1
  223 1
  224 1
  225 1
  226 1
  227 1
  228 1
  229 1
  230 1
  231 1
  232 1
  233 1
  234 1
  235 1
  236 1
  237 1
  238 1
  239 1
  240 1
  241 1
  242 1
  243 1
  244 1
  245 1
  246 1
  247 1
  248 1
  249 1
  250 1
  251 1
  252 1
  253 1
  254 1
  255 1
  256 1
  257 1
  258 1
  259 1
  260 1
  261 1
  262 1
  263 1
  264 1
  265 1
  266 1
  267 1
  268 1
  269 1
  270 1
  271 1
  272 1
  273 1
  274 1
  275 1
  276 1
  277 1
  278 1
  279 1
  280 1
  281 1
  282 1
  283 1
  284 1
  285 1
  286 1
  287 1
  288 1
  289 1
  290 1
  291 1
  292 1
  293 1
  294 1
  295 1
  296 1
  297 1
  298 1
  299 1
  300 1
  301 1
  302 1
  303 1
  304 1
  305 1
  306 1
  307 1
  308 1
  309 1
  310 1
  311 1
  312 1
  313 1
  314 1
  315 1
  316 1
  317 1
  318 1
  319 1
  320 1
  321 1
  322 1
  323 1
  324 1
  325 1
  326 1
  327 1
  328 1
  329 1
  330 1
  331 1
  332 1
  333 1
  334 1
  335 1
  336 1
  337 1
  338 1
  339 1
  340 1
  341 1
  342 1
  343 1
  344 1
  345 1
  346 1
  347 1
  348 1
  349 1
  350 1
  351 1
  352 1
  353 1
  354 1
  355 1
  356 1
  357 1
  358 1
  359 1
  360 1
  361 1
  362 1
  363 1
  364 1
  365 1
  366 1
  367 1
  368 1
  369 1
  370 1
  371 1
  372 1
  373 1
  374 1
  375 1
  376 1
  377 1
  378 1
  379 1
  380 1
  381 1
  382 1
  383 1
  384 1
  385 1
  386 1
  387 1
  388 1
  389 1
  390 1
  391 1
  392 1
  393 1
  394 1
  395 1
  396 1
  397 1
  398 1
  399 1
  400 1
  401 1
  402 1
  403 1
  404 1
  405 1
  406 1
  407 1
  408 1
  409 1
  410 1
  411 1
  412 1
  413 1
  414 1
  415 1
  416 1
  417 1
  418 1
  419 1
  420 1
  421 1
  422 1
  423 1
  424 1
  425 1
  426 1
  427 1
  428 1
  429 1
  430 1
  431 1
  432 1
  433 1
  434 1
  435 1
  436 1
  437 1
  438 1
  439 1
  440 1
  441 1
  442 1
  443 1
  444 1
  445 1
  446 1
  447 1
  448 1
  449 1
  450 1
  451 1
  452 1
  453 1
  454 1
  455 1
  456 1
  457 1
  458 1
  459 1
  460 1
  461 1
  462 1
  463 1
  464 1
  465 1
  466 1
  467 1
  468 1
  469 1
  470 1
  471 1
  472 1
  473 1
  474 1
  475 1
  476 1
  477 1
  478 1
  479 1
  480 1
EOF
