VRPTEST 1.0
COMMENT: descr: Modified tsplib for the OBP
COMMENT: Best known objective: 8934.352
COMMENT: Computational time (s): 12806.065778999997
NAME: c1347_9947
NUM_CAPACITIES: 1
NUM_VISITS: 1347
NUM_VEHICLES: 47
CAPACITIES: 14
DATA_SECTION
DEPOTS
  0
  1
VISIT_LOCATION_SECTION
  2 1220
  3 214
  4 1142
  5 1446
  6 1711
  7 1277
  8 1712
  9 1560
  10 220
  11 216
  12 1579
  13 2068
  14 392
  15 1013
  16 104
  17 1948
  18 54
  19 1057
  20 299
  21 869
  22 601
  23 1786
  24 304
  25 1905
  26 2083
  27 1298
  28 549
  29 1139
  30 1275
  31 98
  32 260
  33 2108
  34 703
  35 1980
  36 15
  37 1626
  38 2142
  39 221
  40 153
  41 552
  42 1370
  43 2004
  44 306
  45 287
  46 909
  47 1223
  48 642
  49 1063
  50 448
  51 2113
  52 246
  53 1810
  54 1710
  55 1307
  56 1557
  57 424
  58 331
  59 1808
  60 919
  61 512
  62 2049
  63 1953
  64 640
  65 124
  66 1441
  67 700
  68 292
  69 2133
  70 1224
  71 800
  72 641
  73 495
  74 428
  75 123
  76 2053
  77 1147
  78 1361
  79 1363
  80 458
  81 2170
  82 18
  83 537
  84 530
  85 1784
  86 1391
  87 462
  88 1608
  89 1691
  90 23
  91 1656
  92 2120
  93 823
  94 1837
  95 979
  96 1428
  97 513
  98 223
  99 311
  100 1133
  101 2065
  102 649
  103 1464
  104 1550
  105 568
  106 746
  107 1785
  108 930
  109 1910
  110 1209
  111 500
  112 138
  113 1396
  114 1041
  115 845
  116 198
  117 1622
  118 1478
  119 1857
  120 1424
  121 1759
  122 1211
  123 1281
  124 31
  125 144
  126 1534
  127 946
  128 1093
  129 1321
  130 821
  131 1387
  132 565
  133 812
  134 891
  135 2159
  136 128
  137 1083
  138 887
  139 786
  140 1049
  141 645
  142 121
  143 682
  144 1586
  145 1929
  146 650
  147 1419
  148 199
  149 1734
  150 844
  151 587
  152 517
  153 249
  154 811
  155 88
  156 1381
  157 822
  158 288
  159 1302
  160 559
  161 9
  162 755
  163 461
  164 1198
  165 1664
  166 6
  167 1035
  168 1011
  169 90
  170 238
  171 935
  172 1499
  173 895
  174 1931
  175 717
  176 1661
  177 1549
  178 1218
  179 544
  180 661
  181 611
  182 49
  183 473
  184 1703
  185 1185
  186 280
  187 1570
  188 1678
  189 2010
  190 514
  191 742
  192 488
  193 827
  194 308
  195 460
  196 877
  197 1544
  198 1411
  199 1999
  200 1100
  201 1571
  202 50
  203 1645
  204 92
  205 337
  206 1378
  207 1507
  208 934
  209 1653
  210 47
  211 1320
  212 1562
  213 489
  214 751
  215 1150
  216 913
  217 855
  218 1190
  219 1856
  220 1221
  221 396
  222 631
  223 1816
  224 999
  225 1333
  226 1694
  227 1092
  228 357
  229 2109
  230 1921
  231 978
  232 1176
  233 918
  234 548
  235 1055
  236 1637
  237 1344
  238 213
  239 604
  240 894
  241 1700
  242 275
  243 1870
  244 1064
  245 744
  246 868
  247 705
  248 334
  249 1525
  250 880
  251 981
  252 449
  253 2059
  254 2110
  255 1183
  256 329
  257 1404
  258 200
  259 1096
  260 542
  261 2052
  262 1629
  263 1488
  264 1972
  265 1334
  266 354
  267 296
  268 1564
  269 692
  270 472
  271 1671
  272 1635
  273 1811
  274 735
  275 1989
  276 898
  277 1893
  278 1239
  279 254
  280 499
  281 1179
  282 479
  283 194
  284 1292
  285 1755
  286 278
  287 1236
  288 1552
  289 148
  290 1913
  291 425
  292 170
  293 1330
  294 1541
  295 2073
  296 1625
  297 658
  298 1969
  299 1397
  300 11
  301 1072
  302 429
  303 696
  304 515
  305 2096
  306 393
  307 1273
  308 69
  309 1369
  310 523
  311 997
  312 1725
  313 798
  314 1731
  315 1894
  316 165
  317 648
  318 277
  319 960
  320 1390
  321 1699
  322 947
  323 1822
  324 1565
  325 738
  326 1077
  327 1113
  328 1286
  329 317
  330 1443
  331 1763
  332 646
  333 1752
  334 1427
  335 1891
  336 1561
  337 1766
  338 335
  339 1477
  340 1140
  341 2067
  342 1127
  343 1217
  344 1840
  345 608
  346 1058
  347 905
  348 1698
  349 1677
  350 1448
  351 1619
  352 187
  353 2137
  354 339
  355 665
  356 620
  357 1343
  358 43
  359 25
  360 1453
  361 2063
  362 420
  363 1335
  364 1180
  365 1531
  366 224
  367 1314
  368 1009
  369 416
  370 1771
  371 904
  372 59
  373 1410
  374 1849
  375 701
  376 762
  377 1102
  378 521
  379 987
  380 1558
  381 531
  382 174
  383 1485
  384 1301
  385 24
  386 383
  387 442
  388 1435
  389 417
  390 1864
  391 2163
  392 781
  393 1984
  394 881
  395 1085
  396 239
  397 139
  398 108
  399 1606
  400 1690
  401 1962
  402 344
  403 829
  404 2026
  405 2085
  406 1090
  407 571
  408 129
  409 1216
  410 1524
  411 644
  412 989
  413 1669
  414 161
  415 445
  416 863
  417 1744
  418 454
  419 300
  420 1576
  421 2117
  422 1538
  423 1048
  424 2077
  425 73
  426 1607
  427 2047
  428 745
  429 1580
  430 2035
  431 774
  432 828
  433 492
  434 1764
  435 1470
  436 1242
  437 1158
  438 1233
  439 366
  440 888
  441 520
  442 1633
  443 2089
  444 1255
  445 614
  446 617
  447 991
  448 381
  449 1135
  450 699
  451 2012
  452 1638
  453 39
  454 1757
  455 1336
  456 81
  457 2157
  458 501
  459 1804
  460 250
  461 1709
  462 1347
  463 2121
  464 709
  465 1805
  466 2165
  467 852
  468 103
  469 251
  470 1082
  471 1866
  472 1318
  473 562
  474 1480
  475 581
  476 1904
  477 1164
  478 1877
  479 1056
  480 1655
  481 527
  482 477
  483 538
  484 1244
  485 181
  486 2143
  487 351
  488 1486
  489 1943
  490 716
  491 1354
  492 2162
  493 1413
  494 1852
  495 1074
  496 1377
  497 264
  498 1163
  499 732
  500 1855
  501 336
  502 2115
  503 1165
  504 227
  505 796
  506 2146
  507 667
  508 873
  509 1033
  510 293
  511 962
  512 765
  513 1853
  514 1979
  515 1003
  516 1376
  517 414
  518 2101
  519 1991
  520 142
  521 793
  522 2084
  523 922
  524 2001
  525 256
  526 320
  527 204
  528 727
  529 770
  530 606
  531 1647
  532 1173
  533 797
  534 2156
  535 1089
  536 1919
  537 859
  538 2080
  539 1193
  540 1249
  541 832
  542 1817
  543 2023
  544 1615
  545 936
  546 1230
  547 1046
  548 1383
  549 1883
  550 162
  551 2020
  552 1251
  553 1832
  554 607
  555 19
  556 2038
  557 1157
  558 62
  559 1882
  560 1188
  561 668
  562 347
  563 2091
  564 2135
  565 509
  566 1132
  567 1878
  568 210
  569 756
  570 191
  571 1075
  572 1210
  573 71
  574 1205
  575 1156
  576 1747
  577 1243
  578 423
  579 1299
  580 176
  581 285
  582 1595
  583 923
  584 2058
  585 1276
  586 2097
  587 1751
  588 886
  589 1012
  590 160
  591 804
  592 1352
  593 197
  594 1423
  595 541
  596 737
  597 1455
  598 1462
  599 1008
  600 2169
  601 1388
  602 7
  603 1537
  604 2060
  605 1317
  606 957
  607 791
  608 984
  609 1070
  610 1732
  611 1406
  612 2082
  613 560
  614 983
  615 434
  616 172
  617 1196
  618 2095
  619 1815
  620 1456
  621 1903
  622 37
  623 968
  624 192
  625 749
  626 826
  627 1169
  628 1604
  629 948
  630 1826
  631 603
  632 368
  633 1682
  634 893
  635 1192
  636 1651
  637 578
  638 1821
  639 1657
  640 1297
  641 602
  642 574
  643 1036
  644 185
  645 1295
  646 655
  647 1490
  648 1119
  649 27
  650 1834
  651 605
  652 1705
  653 582
  654 1339
  655 241
  656 1843
  657 1400
  658 1743
  659 1091
  660 2
  661 1454
  662 1838
  663 279
  664 624
  665 1793
  666 814
  667 86
  668 1415
  669 1778
  670 1432
  671 986
  672 215
  673 84
  674 1252
  675 1783
  676 1345
  677 1860
  678 1495
  679 883
  680 1639
  681 572
  682 1861
  683 1944
  684 1892
  685 754
  686 1227
  687 483
  688 2112
  689 309
  690 1975
  691 1168
  692 612
  693 302
  694 1351
  695 131
  696 1665
  697 1801
  698 1590
  699 2029
  700 1184
  701 911
  702 903
  703 1300
  704 1701
  705 2147
  706 1407
  707 1839
  708 1631
  709 93
  710 837
  711 1790
  712 1312
  713 1458
  714 1941
  715 316
  716 1186
  717 1023
  718 1513
  719 1001
  720 1584
  721 809
  722 2040
  723 127
  724 932
  725 1214
  726 2017
  727 2105
  728 1482
  729 363
  730 1037
  731 2070
  732 710
  733 1112
  734 952
  735 493
  736 1283
  737 476
  738 2030
  739 1806
  740 175
  741 1327
  742 1097
  743 1254
  744 1177
  745 2134
  746 2027
  747 365
  748 2006
  749 1799
  750 1095
  751 64
  752 1971
  753 678
  754 856
  755 1616
  756 1674
  757 1174
  758 491
  759 1673
  760 1779
  761 1305
  762 1684
  763 1060
  764 1632
  765 976
  766 890
  767 683
  768 1945
  769 597
  770 269
  771 1827
  772 550
  773 1873
  774 1850
  775 2033
  776 1627
  777 720
  778 1510
  779 1578
  780 1685
  781 253
  782 1303
  783 1947
  784 840
  785 970
  786 725
  787 1235
  788 1016
  789 1844
  790 1331
  791 211
  792 1847
  793 802
  794 1596
  795 2094
  796 1514
  797 1417
  798 352
  799 2119
  800 116
  801 1506
  802 724
  803 1967
  804 34
  805 395
  806 125
  807 996
  808 58
  809 328
  810 1487
  811 67
  812 1960
  813 137
  814 130
  815 680
  816 1914
  817 1901
  818 1649
  819 1693
  820 72
  821 1587
  822 2055
  823 598
  824 592
  825 1086
  826 48
  827 1241
  828 498
  829 394
  830 1053
  831 182
  832 349
  833 1042
  834 654
  835 635
  836 1780
  837 627
  838 1696
  839 616
  840 871
  841 773
  842 2102
  843 163
  844 708
  845 1160
  846 1110
  847 1358
  848 1118
  849 120
  850 995
  851 1886
  852 1683
  853 1346
  854 1885
  855 266
  856 729
  857 1360
  858 444
  859 1319
  860 2116
  861 380
  862 588
  863 1546
  864 1650
  865 2013
  866 1052
  867 1504
  868 553
  869 2153
  870 490
  871 1529
  872 1585
  873 1736
  874 1438
  875 1782
  876 1742
  877 945
  878 961
  879 583
  880 443
  881 966
  882 1670
  883 1926
  884 1851
  885 219
  886 1532
  887 2081
  888 100
  889 994
  890 1103
  891 348
  892 1405
  893 1788
  894 1364
  895 1081
  896 1380
  897 1271
  898 2150
  899 1798
  900 1609
  901 1718
  902 528
  903 2061
  904 2043
  905 1974
  906 1728
  907 1062
  908 2111
  909 795
  910 1474
  911 870
  912 341
  913 193
  914 1431
  915 1262
  916 2028
  917 467
  918 134
  919 2076
  920 1663
  921 1923
  922 1995
  923 1472
  924 2168
  925 1471
  926 1034
  927 371
  928 1865
  929 921
  930 146
  931 441
  932 2123
  933 338
  934 202
  935 1675
  936 540
  937 1676
  938 1600
  939 693
  940 929
  941 468
  942 1350
  943 209
  944 950
  945 459
  946 1868
  947 2131
  948 1425
  949 839
  950 1447
  951 171
  952 107
  953 2141
  954 1688
  955 1932
  956 158
  957 1983
  958 764
  959 943
  960 1881
  961 13
  962 900
  963 1526
  964 1713
  965 465
  966 1918
  967 212
  968 1007
  969 1342
  970 1465
  971 1373
  972 1621
  973 218
  974 1965
  975 1250
  976 867
  977 1740
  978 169
  979 944
  980 1136
  981 660
  982 670
  983 676
  984 730
  985 2025
  986 386
  987 807
  988 1569
  989 203
  990 1876
  991 102
  992 450
  993 906
  994 1399
  995 1845
  996 2145
  997 917
  998 503
  999 225
  1000 1285
  1001 1825
  1002 632
  1003 1143
  1004 1208
  1005 1076
  1006 584
  1007 510
  1008 496
  1009 1146
  1010 663
  1011 437
  1012 1467
  1013 629
  1014 1548
  1015 38
  1016 391
  1017 760
  1018 861
  1019 375
  1020 1367
  1021 875
  1022 551
  1023 326
  1024 750
  1025 1937
  1026 2037
  1027 228
  1028 226
  1029 758
  1030 1134
  1031 36
  1032 924
  1033 240
  1034 1789
  1035 1000
  1036 842
  1037 111
  1038 819
  1039 599
  1040 2066
  1041 761
  1042 734
  1043 1750
  1044 2127
  1045 694
  1046 783
  1047 4
  1048 728
  1049 2144
  1050 1245
  1051 382
  1052 1379
  1053 1966
  1054 68
  1055 1005
  1056 431
  1057 1338
  1058 313
  1059 864
  1060 1831
  1061 1137
  1062 2136
  1063 432
  1064 1592
  1065 1644
  1066 1695
  1067 1508
  1068 1324
  1069 1054
  1070 1875
  1071 440
  1072 1238
  1073 1050
  1074 1720
  1075 1636
  1076 1928
  1077 426
  1078 1925
  1079 896
  1080 136
  1081 1341
  1082 232
  1083 1833
  1084 1897
  1085 1195
  1086 1721
  1087 824
  1088 2008
  1089 1646
  1090 955
  1091 959
  1092 1178
  1093 1155
  1094 1315
  1095 711
  1096 854
  1097 1325
  1098 1993
  1099 1329
  1100 242
  1101 1258
  1102 455
  1103 647
  1104 315
  1105 882
  1106 33
  1107 848
  1108 1666
  1109 451
  1110 1872
  1111 29
  1112 1282
  1113 438
  1114 152
  1115 940
  1116 230
  1117 576
  1118 831
  1119 307
  1120 1257
  1121 1402
  1122 561
  1123 820
  1124 912
  1125 1079
  1126 834
  1127 2007
  1128 752
  1129 992
  1130 1981
  1131 390
  1132 697
  1133 977
  1134 303
  1135 1936
  1136 469
  1137 65
  1138 2125
  1139 1337
  1140 1328
  1141 719
  1142 857
  1143 721
  1144 1813
  1145 1594
  1146 1970
  1147 1986
  1148 1668
  1149 1911
  1150 1717
  1151 1922
  1152 1614
  1153 1949
  1154 1982
  1155 1047
  1156 1768
  1157 954
  1158 298
  1159 470
  1160 1366
  1161 294
  1162 2041
  1163 792
  1164 145
  1165 397
  1166 1117
  1167 401
  1168 2079
  1169 1686
  1170 2126
  1171 1484
  1172 1862
  1173 1708
  1174 1412
  1175 1976
  1176 113
  1177 1760
  1178 418
  1179 1202
  1180 231
  1181 775
  1182 276
  1183 759
  1184 1807
  1185 2032
  1186 408
  1187 2050
  1188 689
  1189 1741
  1190 1152
  1191 318
  1192 743
  1193 1582
  1194 1393
  1195 1687
  1196 1356
  1197 634
  1198 1521
  1199 1414
  1200 1291
  1201 281
  1202 1108
  1203 1268
  1204 569
  1205 1270
  1206 119
  1207 272
  1208 1129
  1209 89
  1210 484
  1211 1858
  1212 843
  1213 1201
  1214 290
  1215 133
  1216 1539
  1217 17
  1218 1497
  1219 106
  1220 143
  1221 1899
  1222 949
  1223 1753
  1224 1002
  1225 2057
  1226 988
  1227 1977
  1228 369
  1229 777
  1230 782
  1231 1247
  1232 1384
  1233 1278
  1234 1422
  1235 714
  1236 1794
  1237 1494
  1238 1583
  1239 1954
  1240 2034
  1241 1107
  1242 1689
  1243 1148
  1244 2054
  1245 2048
  1246 1818
  1247 899
  1248 362
  1249 1603
  1250 1265
  1251 1543
  1252 805
  1253 263
  1254 853
  1255 1888
  1256 1045
  1257 1915
  1258 327
  1259 1935
  1260 403
  1261 1261
  1262 2130
  1263 1088
  1264 892
  1265 1492
  1266 83
  1267 1111
  1268 2087
  1269 1294
  1270 1483
  1271 1927
  1272 1575
  1273 1120
  1274 1296
  1275 1394
  1276 1762
  1277 638
  1278 1274
  1279 519
  1280 1658
  1281 1996
  1282 1473
  1283 927
  1284 151
  1285 1841
  1286 464
  1287 1078
  1288 1726
  1289 117
  1290 622
  1291 813
  1292 690
  1293 314
  1294 447
  1295 1306
  1296 817
  1297 1517
  1298 282
  1299 186
  1300 265
  1301 1122
  1302 838
  1303 1942
  1304 1131
  1305 478
  1306 1167
  1307 474
  1308 433
COMMENT: TIMESTEP: 1
ORDERS_SECTION
  1 2 3 4
  2 5 6 7
  3 8 9
  4 10 11
  5 12 13 14
  6 15
  7 16 17 18
  8 19 20
  9 21
  10 22 23 24
  11 25 26
  12 27
  13 28
  14 29 30
  15 31
  16 32 33 34
  17 35 36
  18 37 38
  19 39 180
  20 40
  21 41 42 43
  22 44
  23 45 46 47
  24 48
  25 49
  26 50
  27 51 52
  28 53 54 55
  29 56
  30 57 58 59
  31 60 61 62
  32 63
  33 64
  34 65 66
  35 67 68
  36 69
  37 70
  38 71 72
  39 73 74
  40 75 76
  41 77 78 79
  42 80 81
  43 82 83 84
  44 85 86
  45 87 88
  46 89 90
  47 91
  48 92
  49 93 94 95
  50 96 97 98
  51 99 100
  52 101 102
  53 103 104 105 368
  54 106 107
  55 108 109 110
  56 111 112
  57 113 114
  58 115
  59 116 117 118
  60 119 120
  61 121
  62 122 123
  63 124
  64 125 126 127
  65 128
  66 129
  67 130
  68 131 132 133
  69 134 135
  70 136
  71 137
  72 138 139
  73 140
  74 141 142
  75 143
  76 144 145 368
  77 146
  78 147 148
  79 149 150 151
  80 152
  81 153
  82 154
  83 155 156 157
  84 158 159
  85 160
  86 161 162 163
  87 164 165 166
  88 167 168 169
  89 170 171 172
  90 173 174
  91 175 176
  92 177 178 179
  93 180
  94 181 182
  95 183
  96 184
  97 185 186 187
  98 188 189 190
  99 191 192
  100 193 194 195
  101 196 197 198
  102 199
  103 200 201
  104 202 203
  105 204 205
  106 206 207 208
  107 209 210 211
  108 212
  109 213 214 215
  110 216 217 218
  111 219 220
  112 221 222
  113 223 224 225
  114 226
  115 227 228
  116 229 230
  117 231 232 233
  118 234 1226
  119 235
  120 236 237 238
  121 239 240 241
  122 242
  123 243
  124 244 245
  125 246 247 248
  126 249 250 251
  127 252
  128 253 254 255
  129 256 257 258
  130 259 260 261
  131 262 263
  132 264 265
  133 266 267 268
  134 269
  135 270 271 272
  136 273 274 971
  137 275 276 277
  138 278 279
  139 280
  140 281 282
  141 283 284 1086
  142 285
  143 286 287
  144 288 289 290
  145 291 292 293
  146 294 295 296
  147 297 298 299
  148 300
  149 301 302 303
  150 304
  151 305
  152 306
  153 307
  154 308 309
  155 310 311
  156 312 192
  157 313 314 315
  158 316 317 318
  159 319
  160 320 321
  161 322 323 324
  162 325 326
  163 327 328 329
  164 330 331
  165 332
  166 333
  167 334 335 336
  168 337 338 339
  169 340 341 342
  170 343
  171 344
  172 345
  173 346 347 348
  174 349 350 351
  175 352 353 354
  176 355
  177 356 357 358
  178 359 360 361
  179 362 363
  180 364 365 366
  181 367 368
  182 369 370
  183 371 372 161
  184 373
  185 374 375
  186 376
  187 377 378
  188 379 380 381
  189 382
  190 383 384
  191 385 386
  192 387
  193 388
  194 389 390 391
  195 392 393 394
  196 395 396 397
  197 398 399
  198 400 401
  199 402
  200 403 404
  201 405 406
  202 407
  203 408 409
  204 410 411 412
  205 413 414
  206 415 416 417
  207 418 419 420 179
  208 421 422
  209 423 424 425
  210 426 427 428
  211 429
  212 430 431
  213 432 433 434
  214 435
  215 436
  216 437 438
  217 439 440
  218 441 442
  219 443
  220 444 445 446 759
  221 447
  222 448
  223 449 450 1296
  224 451 452
  225 453 454 455
  226 456 457
  227 458 459 460
  228 461
  229 462 463 464
  230 465 466
  231 467 468
  232 469 470 471
  233 472 473
  234 474 475
  235 476
  236 477 478
  237 479 480 481
  238 482 483 484
  239 485 486 487
  240 488 489
  241 490 491
  242 492 493 121
  243 494 495 496
  244 497 498 499
  245 500 501 502
  246 503 504
  247 505 506 507
  248 508 509
  249 510
  250 511
  251 512 513
  252 514 515
  253 516 517 518
  254 519
  255 520
  256 521 522
  257 523
  258 524 525 526
  259 527 528 529
  260 530 531 532
  261 533 534 535
  262 536
  263 537 538 539
  264 540 541 542
  265 543 544 545
  266 546
  267 547 548 549
  268 550 551
  269 552 553 554
  270 555 556
  271 557 558 559
  272 560 561
  273 562
  274 563 564
  275 565 566
  276 567 568 569
  277 570 571
  278 572 573
  279 574
  280 575
  281 576 925
  282 577 578
  283 579 580 581
  284 582
  285 583 584 585
  286 586 587 588
  287 589 590
  288 591 592 593
  289 594 595 596
  290 597 284
  291 598 599 600
  292 601 602 603
  293 604 605 606
  294 607 608
  295 609 610 611
  296 612
  297 613
  298 614 615 616
  299 617 1220 375
  300 618
  301 619
  302 620 621 622
  303 623
  304 624
  305 625 626 627
  306 628
  307 629 630
  308 631 632 633
  309 634
  310 635
  311 636
  312 637 1192
  313 638
  314 639 640 641
  315 642
  316 643 644 645
  317 646
  318 647 648 649
  319 650 651
  320 652 653 654
  321 655 656 657
  322 658
  323 659 660 661
  324 662 663 664
  325 665 666 667 898
  326 668
  327 669 670
  328 671
  329 672 673 1201
  330 674 675 676
  331 677
  332 678
  333 679 1117
  334 680
  335 681 682 683
  336 684 685
  337 686
  338 687 688
  339 689 690
  340 691 692
  341 693 694
  342 695
  343 696 697 698
  344 699 700 701
  345 702 703 704
  346 705
  347 706 707
  348 708 709
  349 710 711
  350 712 713 714
  351 715 716
  352 717 978
  353 718 719 720 678
  354 721
  355 722
  356 723
  357 724 725
  358 726
  359 727 728 729
  360 730 731
  361 732 733
  362 734
  363 735 736
  364 737
  365 738 739 740
  366 741 742
  367 743
  368 744 745
  369 746 747
  370 748 749 750
  371 751
  372 752 753 754
  373 755
  374 756 757
  375 758 759 760
  376 761 762 763
  377 764
  378 765
  379 766
  380 767 768 830
  381 769 770
  382 771 772
  383 773 774
  384 775 776 777
  385 778 779
  386 780 781
  387 782 783
  388 784 785 786
  389 787 788 789
  390 790 791 792
  391 793 794 795
  392 796 797 798
  393 799 800 801
  394 802 803 804
  395 805 806
  396 807 808 809
  397 810
  398 811
  399 812 813
  400 814
  401 815 816
  402 817 818 819
  403 820
  404 821 822
  405 823 824 625
  406 825 826 827
  407 828 829
  408 830
  409 831
  410 832 833 834
  411 835 836 837
  412 838 839
  413 840
  414 841 842
  415 843
  416 844
  417 845
  418 846
  419 847 848 712
  420 849 850 699
  421 851 852 853
  422 854
  423 855 856
  424 857 858
  425 859 860 861
  426 862 863 864
  427 865
  428 866 867
  429 868 869 438
  430 870 871
  431 872
  432 873
  433 874 875 876
  434 877
  435 878 879
  436 880 881
  437 882
  438 883 884
  439 885 886 887 555
  440 888 889 890
  441 891 892
  442 893 894
  443 895 896 897 1227
  444 898 899 900 523
  445 901 902
  446 903
  447 904 905
  448 906 907
  449 908
  450 909 910
  451 911 912 913
  452 914 915
  453 916
  454 917
  455 918
  456 919
  457 920 921
  458 922
  459 923
  460 924 925 926
  461 927
  462 928
  463 929 930
  464 931 932 933
  465 934 935 936
  466 937 938
  467 939 940 941
  468 942
  469 943 944 945
  470 946 947 948 891
  471 949 950
  472 951
  473 952 953
  474 954
  475 955 956
  476 957 958
  477 959 960 961
  478 962
  479 963 964 965
  480 966
  481 967 968 969
  482 970
  483 971
  484 972
  485 973 974
  486 975 976 977
  487 978
  488 979 980 981
  489 982 983
  490 984 985
  491 986 987
  492 988 989
  493 990
  494 991
  495 992 993 994
  496 995 996
  497 997 998
  498 999 1000
  499 1001 1002
  500 1003 1004
  501 1005 1006
  502 1007
  503 1008 1009 1010
  504 1011 1012 1013 206
  505 1014
  506 1015
  507 1016 1017 1018
  508 1019
  509 1020
  510 1021 1022 1023
  511 1024 1025 1026 852
  512 1027 1028
  513 1029
  514 1030 1269
  515 1031 1032 1033
  516 1034
  517 1035 1036
  518 1037 1038 1039
  519 1040 1041
  520 1042
  521 1043 1044 1045
  522 1046 1047 1048
  523 1049 917
  524 1050 1051 1052
  525 1053
  526 1054 1055 1056
  527 1057 1058 1059
  528 1060
  529 1061 1062
  530 1063 1064
  531 1065 1066 1067
  532 1068
  533 1069 1070 1071
  534 1072
  535 1073 1074
  536 1075 1076
  537 1077
  538 1078 1079
  539 1080 1081 1082
  540 1083 1084 1085 146
  541 1086
  542 1087 1088
  543 1089 28
  544 1090 1091
  545 1092 1093
  546 1094 1095 1096
  547 1097 1098
  548 1099
  549 1100 1101
  550 1102 1103 1104
  551 1105
  552 1106
  553 1107
  554 1108 1109 1110
  555 1111 1112
  556 1113 1114
  557 1115
  558 1116
  559 1117 1118
  560 1119 1120 1121
  561 1122
  562 1123 1124 1125
  563 1126 1127 1128
  564 1129
  565 1130
  566 1131 1132 1133
  567 1134 1135 1136
  568 1137 1138 1139
  569 1140 1141
  570 1142
  571 1143 1144
  572 1145 1146
  573 1147 1148
  574 1149 1150
  575 1151 1152 1153
  576 1154
  577 1155 1156
  578 1157 1158 1159
  579 1160 1161 1162
  580 1163 1164
  581 1165 1166
  582 1167
  583 1168 1169 1170
  584 1171 1172 1173
  585 1174 1175 1176
  586 1177 1178 1179
  587 1180 1181 1182
  588 1183 931
  589 1184 1185 1186
  590 1187 1188
  591 1189 1190
  592 1191 1192
  593 1193 1194 1195 312
  594 1196 1197 1198
  595 1199 1200
  596 1201 1202 1203
  597 1204 1205
  598 1206 1207 1208
  599 1209 1210
  600 1211
  601 1212
  602 1213 1214
  603 1215 1216
  604 1217
  605 1218
  606 1219
  607 1220
  608 1221 1222
  609 1223 1224 1225
  610 1226
  611 1227 1228
  612 1229 1230
  613 1231 1232
  614 1233
  615 1234
  616 1235
  617 1236
  618 1237 1238 1239
  619 1240 1241 1242
  620 1243
  621 1244 1245 307
  622 1246 1247 1248
  623 1249 1250 1251
  624 1252 1253
  625 1254 1255 1256
  626 1257
  627 1258
  628 1259
  629 1260
  630 1261
  631 1262 1263
  632 1264
  633 1265
  634 1266 1267 1268
  635 1269 1270
  636 1271 1272
  637 1273 1274 1275
  638 1276
  639 1277
  640 1278 1279 1280
  641 1281
  642 1282 1283
  643 1284 1285
  644 1286 1287
  645 1288 1289 1290
  646 1291 1292 1293
  647 1294 1295 1296
  648 1297 1298 1299
  649 1300 1301
  650 1302 1303
  651 1304 1305
  652 1306
  653 1307 1308
TIME_AVAIL_SECTION
  1 1
  2 1
  3 1
  4 1
  5 1
  6 1
  7 1
  8 1
  9 1
  10 1
  11 1
  12 1
  13 1
  14 1
  15 1
  16 1
  17 1
  18 1
  19 1
  20 1
  21 1
  22 1
  23 1
  24 1
  25 1
  26 1
  27 1
  28 1
  29 1
  30 1
  31 1
  32 1
  33 1
  34 1
  35 1
  36 1
  37 1
  38 1
  39 1
  40 1
  41 1
  42 1
  43 1
  44 1
  45 1
  46 1
  47 1
  48 1
  49 1
  50 1
  51 1
  52 1
  53 1
  54 1
  55 1
  56 1
  57 1
  58 1
  59 1
  60 1
  61 1
  62 1
  63 1
  64 1
  65 1
  66 1
  67 1
  68 1
  69 1
  70 1
  71 1
  72 1
  73 1
  74 1
  75 1
  76 1
  77 1
  78 1
  79 1
  80 1
  81 1
  82 1
  83 1
  84 1
  85 1
  86 1
  87 1
  88 1
  89 1
  90 1
  91 1
  92 1
  93 1
  94 1
  95 1
  96 1
  97 1
  98 1
  99 1
  100 1
  101 1
  102 1
  103 1
  104 1
  105 1
  106 1
  107 1
  108 1
  109 1
  110 1
  111 1
  112 1
  113 1
  114 1
  115 1
  116 1
  117 1
  118 1
  119 1
  120 1
  121 1
  122 1
  123 1
  124 1
  125 1
  126 1
  127 1
  128 1
  129 1
  130 1
  131 1
  132 1
  133 1
  134 1
  135 1
  136 1
  137 1
  138 1
  139 1
  140 1
  141 1
  142 1
  143 1
  144 1
  145 1
  146 1
  147 1
  148 1
  149 1
  150 1
  151 1
  152 1
  153 1
  154 1
  155 1
  156 1
  157 1
  158 1
  159 1
  160 1
  161 1
  162 1
  163 1
  164 1
  165 1
  166 1
  167 1
  168 1
  169 1
  170 1
  171 1
  172 1
  173 1
  174 1
  175 1
  176 1
  177 1
  178 1
  179 1
  180 1
  181 1
  182 1
  183 1
  184 1
  185 1
  186 1
  187 1
  188 1
  189 1
  190 1
  191 1
  192 1
  193 1
  194 1
  195 1
  196 1
  197 1
  198 1
  199 1
  200 1
  201 1
  202 1
  203 1
  204 1
  205 1
  206 1
  207 1
  208 1
  209 1
  210 1
  211 1
  212 1
  213 1
  214 1
  215 1
  216 1
  217 1
  218 1
  219 1
  220 1
  221 1
  222 1
  223 1
  224 1
  225 1
  226 1
  227 1
  228 1
  229 1
  230 1
  231 1
  232 1
  233 1
  234 1
  235 1
  236 1
  237 1
  238 1
  239 1
  240 1
  241 1
  242 1
  243 1
  244 1
  245 1
  246 1
  247 1
  248 1
  249 1
  250 1
  251 1
  252 1
  253 1
  254 1
  255 1
  256 1
  257 1
  258 1
  259 1
  260 1
  261 1
  262 1
  263 1
  264 1
  265 1
  266 1
  267 1
  268 1
  269 1
  270 1
  271 1
  272 1
  273 1
  274 1
  275 1
  276 1
  277 1
  278 1
  279 1
  280 1
  281 1
  282 1
  283 1
  284 1
  285 1
  286 1
  287 1
  288 1
  289 1
  290 1
  291 1
  292 1
  293 1
  294 1
  295 1
  296 1
  297 1
  298 1
  299 1
  300 1
  301 1
  302 1
  303 1
  304 1
  305 1
  306 1
  307 1
  308 1
  309 1
  310 1
  311 1
  312 1
  313 1
  314 1
  315 1
  316 1
  317 1
  318 1
  319 1
  320 1
  321 1
  322 1
  323 1
  324 1
  325 1
  326 1
  327 1
  328 1
  329 1
  330 1
  331 1
  332 1
  333 1
  334 1
  335 1
  336 1
  337 1
  338 1
  339 1
  340 1
  341 1
  342 1
  343 1
  344 1
  345 1
  346 1
  347 1
  348 1
  349 1
  350 1
  351 1
  352 1
  353 1
  354 1
  355 1
  356 1
  357 1
  358 1
  359 1
  360 1
  361 1
  362 1
  363 1
  364 1
  365 1
  366 1
  367 1
  368 1
  369 1
  370 1
  371 1
  372 1
  373 1
  374 1
  375 1
  376 1
  377 1
  378 1
  379 1
  380 1
  381 1
  382 1
  383 1
  384 1
  385 1
  386 1
  387 1
  388 1
  389 1
  390 1
  391 1
  392 1
  393 1
  394 1
  395 1
  396 1
  397 1
  398 1
  399 1
  400 1
  401 1
  402 1
  403 1
  404 1
  405 1
  406 1
  407 1
  408 1
  409 1
  410 1
  411 1
  412 1
  413 1
  414 1
  415 1
  416 1
  417 1
  418 1
  419 1
  420 1
  421 1
  422 1
  423 1
  424 1
  425 1
  426 1
  427 1
  428 1
  429 1
  430 1
  431 1
  432 1
  433 1
  434 1
  435 1
  436 1
  437 1
  438 1
  439 1
  440 1
  441 1
  442 1
  443 1
  444 1
  445 1
  446 1
  447 1
  448 1
  449 1
  450 1
  451 1
  452 1
  453 1
  454 1
  455 1
  456 1
  457 1
  458 1
  459 1
  460 1
  461 1
  462 1
  463 1
  464 1
  465 1
  466 1
  467 1
  468 1
  469 1
  470 1
  471 1
  472 1
  473 1
  474 1
  475 1
  476 1
  477 1
  478 1
  479 1
  480 1
  481 1
  482 1
  483 1
  484 1
  485 1
  486 1
  487 1
  488 1
  489 1
  490 1
  491 1
  492 1
  493 1
  494 1
  495 1
  496 1
  497 1
  498 1
  499 1
  500 1
  501 1
  502 1
  503 1
  504 1
  505 1
  506 1
  507 1
  508 1
  509 1
  510 1
  511 1
  512 1
  513 1
  514 1
  515 1
  516 1
  517 1
  518 1
  519 1
  520 1
  521 1
  522 1
  523 1
  524 1
  525 1
  526 1
  527 1
  528 1
  529 1
  530 1
  531 1
  532 1
  533 1
  534 1
  535 1
  536 1
  537 1
  538 1
  539 1
  540 1
  541 1
  542 1
  543 1
  544 1
  545 1
  546 1
  547 1
  548 1
  549 1
  550 1
  551 1
  552 1
  553 1
  554 1
  555 1
  556 1
  557 1
  558 1
  559 1
  560 1
  561 1
  562 1
  563 1
  564 1
  565 1
  566 1
  567 1
  568 1
  569 1
  570 1
  571 1
  572 1
  573 1
  574 1
  575 1
  576 1
  577 1
  578 1
  579 1
  580 1
  581 1
  582 1
  583 1
  584 1
  585 1
  586 1
  587 1
  588 1
  589 1
  590 1
  591 1
  592 1
  593 1
  594 1
  595 1
  596 1
  597 1
  598 1
  599 1
  600 1
  601 1
  602 1
  603 1
  604 1
  605 1
  606 1
  607 1
  608 1
  609 1
  610 1
  611 1
  612 1
  613 1
  614 1
  615 1
  616 1
  617 1
  618 1
  619 1
  620 1
  621 1
  622 1
  623 1
  624 1
  625 1
  626 1
  627 1
  628 1
  629 1
  630 1
  631 1
  632 1
  633 1
  634 1
  635 1
  636 1
  637 1
  638 1
  639 1
  640 1
  641 1
  642 1
  643 1
  644 1
  645 1
  646 1
  647 1
  648 1
  649 1
  650 1
  651 1
  652 1
  653 1
EOF
