VRPTEST 1.0
COMMENT: descr: Modified tsplib for the OBP
COMMENT: Best known objective: 11412.541
COMMENT: Computational time (s): 1422.0442270000003
NAME: c1109_f608
NUM_CAPACITIES: 1
NUM_VISITS: 1109
NUM_VEHICLES: 69
CAPACITIES: 10
DATA_SECTION
DEPOTS
  0
  1
VISIT_LOCATION_SECTION
  2 1166
  3 2111
  4 287
  5 1198
  6 1040
  7 2096
  8 1822
  9 1097
  10 1570
  11 1223
  12 1833
  13 1267
  14 467
  15 1257
  16 2078
  17 1704
  18 70
  19 2012
  20 394
  21 1008
  22 1231
  23 1274
  24 625
  25 1633
  26 424
  27 58
  28 410
  29 1377
  30 881
  31 18
  32 570
  33 638
  34 93
  35 990
  36 2097
  37 1481
  38 198
  39 729
  40 1781
  41 232
  42 2077
  43 1759
  44 256
  45 499
  46 1784
  47 133
  48 709
  49 601
  50 1750
  51 995
  52 335
  53 878
  54 1596
  55 2059
  56 1881
  57 720
  58 1676
  59 524
  60 1265
  61 606
  62 1990
  63 1106
  64 1691
  65 1216
  66 1850
  67 311
  68 365
  69 2074
  70 1877
  71 1897
  72 1222
  73 1582
  74 1608
  75 1296
  76 1821
  77 2000
  78 1165
  79 1837
  80 1932
  81 994
  82 415
  83 1635
  84 558
  85 1213
  86 1132
  87 1614
  88 293
  89 3
  90 1937
  91 1861
  92 2061
  93 598
  94 1303
  95 264
  96 678
  97 1458
  98 1356
  99 690
  100 1147
  101 1651
  102 989
  103 1227
  104 439
  105 1317
  106 1230
  107 1207
  108 677
  109 1886
  110 812
  111 422
  112 1258
  113 781
  114 250
  115 1498
  116 1121
  117 48
  118 165
  119 1855
  120 1331
  121 1432
  122 399
  123 719
  124 1042
  125 578
  126 1160
  127 1323
  128 1254
  129 599
  130 1524
  131 2049
  132 950
  133 1242
  134 1492
  135 452
  136 406
  137 227
  138 895
  139 1259
  140 231
  141 1922
  142 441
  143 267
  144 1435
  145 1333
  146 691
  147 1868
  148 1180
  149 577
  150 664
  151 1845
  152 1294
  153 181
  154 805
  155 1101
  156 2134
  157 1709
  158 1927
  159 1429
  160 1212
  161 157
  162 1903
  163 378
  164 468
  165 686
  166 1094
  167 714
  168 1841
  169 863
  170 2010
  171 1900
  172 1718
  173 1811
  174 892
  175 760
  176 328
  177 297
  178 1277
  179 1792
  180 1546
  181 2041
  182 209
  183 1705
  184 761
  185 1840
  186 408
  187 414
  188 292
  189 1193
  190 961
  191 272
  192 1921
  193 1674
  194 1292
  195 1362
  196 2035
  197 1979
  198 767
  199 1367
  200 829
  201 2170
  202 486
  203 1328
  204 2058
  205 1238
  206 1453
  207 1210
  208 392
  209 1962
  210 1639
  211 851
  212 917
  213 1334
  214 323
  215 1089
  216 1059
  217 460
  218 1647
  219 1989
  220 137
  221 1003
  222 1665
  223 344
  224 2090
  225 873
  226 906
  227 711
  228 170
  229 692
  230 1033
  231 2132
  232 1867
  233 2162
  234 1609
  235 2121
  236 1346
  237 520
  238 226
  239 1701
  240 1642
  241 1407
  242 223
  243 1260
  244 1733
  245 717
  246 586
  247 1201
  248 1917
  249 1618
  250 734
  251 1908
  252 668
  253 2076
  254 1394
  255 49
  256 1769
  257 1396
  258 818
  259 2013
  260 24
  261 1544
  262 620
  263 326
  264 649
  265 1734
  266 302
  267 347
  268 644
  269 237
  270 282
  271 1374
  272 1703
  273 1457
  274 948
  275 63
  276 290
  277 1830
  278 1030
  279 431
  280 877
  281 1891
  282 975
  283 116
  284 666
  285 696
  286 320
  287 456
  288 1369
  289 822
  290 1300
  291 1120
  292 2055
  293 501
  294 1400
  295 1760
  296 416
  297 122
  298 1486
  299 1053
  300 1553
  301 1045
  302 1708
  303 284
  304 1856
  305 750
  306 1967
  307 1478
  308 1995
  309 1637
  310 1398
  311 1700
  312 792
  313 688
  314 684
  315 1880
  316 1301
  317 1177
  318 2112
  319 681
  320 848
  321 2052
  322 697
  323 382
  324 887
  325 936
  326 1063
  327 1281
  328 2
  329 2070
  330 1234
  331 1137
  332 1622
  333 379
  334 1152
  335 2045
  336 235
  337 929
  338 1853
  339 1961
  340 1741
  341 2021
  342 674
  343 1764
  344 2014
  345 1946
  346 313
  347 1464
  348 579
  349 541
  350 15
  351 500
  352 150
  353 139
  354 1211
  355 997
  356 1789
  357 1439
  358 2135
  359 341
  360 1945
  361 1266
  362 210
  363 611
  364 809
  365 1747
  366 1777
  367 1161
  368 938
  369 111
  370 1685
  371 918
  372 1505
  373 88
  374 1583
  375 1904
  376 1078
  377 242
  378 79
  379 1389
  380 671
  381 755
  382 1740
  383 631
  384 855
  385 517
  386 346
  387 2147
  388 807
  389 1617
  390 617
  391 1662
  392 448
  393 1118
  394 279
  395 1643
  396 979
  397 1603
  398 875
  399 1669
  400 1179
  401 1352
  402 2048
  403 345
  404 645
  405 269
  406 713
  407 2165
  408 1139
  409 450
  410 2125
  411 1970
  412 1046
  413 1434
  414 2163
  415 1312
  416 786
  417 561
  418 1100
  419 319
  420 1949
  421 2161
  422 869
  423 2034
  424 842
  425 774
  426 1996
  427 1575
  428 1025
  429 1556
  430 1402
  431 1765
  432 2156
  433 196
  434 1875
  435 160
  436 2150
  437 309
  438 340
  439 1169
  440 1748
  441 487
  442 2080
  443 1924
  444 640
  445 843
  446 946
  447 1497
  448 1552
  449 1107
  450 1533
  451 1805
  452 976
  453 324
  454 308
  455 2164
  456 393
  457 1067
  458 1397
  459 658
  460 685
  461 675
  462 1594
  463 972
  464 1472
  465 1450
  466 1415
  467 1638
  468 59
  469 510
  470 233
  471 700
  472 1865
  473 600
  474 1084
  475 494
  476 484
  477 435
  478 574
  479 1984
  480 306
  481 596
  482 207
  483 1091
  484 585
  485 1133
  486 1308
  487 562
  488 395
  489 2043
  490 1894
  491 325
  492 71
  493 2038
  494 1247
  495 432
  496 776
  497 493
  498 1384
  499 603
  500 560
  501 1517
  502 766
  503 127
  504 743
  505 547
  506 1834
  507 2117
  508 1820
  509 1318
  510 756
  511 1846
  512 1762
  513 1130
  514 2138
  515 1885
  516 660
  517 1474
  518 888
  519 1393
  520 331
  521 1690
  522 916
  523 1004
  524 249
  525 1892
  526 1510
  527 1173
  528 1646
  529 801
  530 1012
  531 1682
  532 1344
  533 1976
  534 1768
  535 172
  536 421
  537 390
  538 225
  539 1325
  540 1200
  541 1484
  542 762
  543 1712
  544 1848
  545 988
  546 1196
  547 498
  548 1528
  549 1214
  550 107
  551 1713
  552 1832
  553 1870
  554 886
  555 1016
  556 867
  557 174
  558 2087
  559 868
  560 1938
  561 754
  562 364
  563 1251
  564 175
  565 194
  566 1489
  567 947
  568 148
  569 981
  570 1197
  571 56
  572 1289
  573 1905
  574 430
  575 199
  576 1096
  577 882
  578 1744
  579 2158
  580 1187
  581 62
  582 1275
  583 197
  584 423
  585 613
  586 817
  587 949
  588 773
  589 587
  590 705
  591 1302
  592 2130
  593 1730
  594 1939
  595 47
  596 1419
  597 1298
  598 25
  599 1255
  600 108
  601 935
  602 797
  603 381
  604 2053
  605 1707
  606 1819
  607 1236
  608 2095
  609 221
  610 2116
  611 1151
  612 880
  613 229
  614 1728
  615 1306
  616 138
  617 1090
  618 912
  619 977
  620 1619
  621 211
  622 1047
  623 1329
  624 1702
  625 1739
  626 80
  627 134
  628 2016
  629 1631
  630 594
  631 1838
  632 1794
  633 1058
  634 1952
  635 2036
  636 1965
  637 1436
  638 402
  639 1282
  640 1470
  641 121
  642 619
  643 1615
  644 789
  645 327
  646 1168
  647 299
  648 1263
  649 2169
  650 2023
  651 737
  652 940
  653 1273
  654 459
  655 1786
  656 2131
  657 462
  658 1272
  659 19
  660 1183
  661 785
  662 583
  663 1316
  664 1767
  665 74
  666 213
  667 1023
  668 1592
  669 50
  670 1249
  671 2065
  672 1095
  673 442
  674 1650
  675 1102
  676 710
  677 36
  678 680
  679 2047
  680 1563
  681 1330
  682 733
  683 1577
  684 241
  685 652
  686 1580
  687 1189
  688 470
  689 551
  690 1887
  691 2144
  692 2115
  693 2110
  694 1978
  695 1736
  696 1209
  697 380
  698 742
  699 438
  700 1009
  701 590
  702 1852
  703 1951
  704 1456
  705 957
  706 1013
  707 1843
  708 2072
  709 1149
  710 922
  711 130
  712 872
  713 473
  714 1901
  715 243
  716 542
  717 281
  718 1626
  719 2086
  720 1529
  721 507
  722 648
  723 1448
  724 387
  725 536
  726 1791
  727 1452
  728 1438
  729 962
  730 334
  731 1473
  732 158
  733 228
  734 1056
  735 576
  736 73
  737 2004
  738 1036
  739 945
  740 77
  741 1694
  742 1347
  743 1146
  744 2154
  745 1015
  746 1480
  747 538
  748 1810
  749 534
  750 1644
  751 639
  752 204
  753 1164
  754 1785
  755 1248
  756 1237
  757 683
  758 348
  759 669
  760 739
  761 1591
  762 1595
  763 67
  764 893
  765 1494
  766 1370
  767 193
  768 496
  769 405
  770 584
  771 1011
  772 2084
  773 184
  774 1851
  775 466
  776 124
  777 1944
  778 2066
  779 205
  780 1129
  781 100
  782 582
  783 458
  784 1205
  785 811
  786 1763
  787 924
  788 1283
  789 1032
  790 1689
  791 1557
  792 1020
  793 42
  794 1111
  795 1379
  796 102
  797 1831
  798 1612
  799 185
  800 336
  801 1269
  802 1141
  803 1888
  804 1915
  805 2073
  806 549
  807 2075
  808 1782
  809 911
  810 1482
  811 907
  812 814
  813 1360
  814 2082
  815 1636
  816 592
  817 1910
  818 736
  819 286
  820 445
  821 106
  822 1884
  823 701
  824 2026
  825 748
  826 646
  827 667
  828 1386
  829 1893
  830 650
  831 1526
  832 1678
  833 1584
  834 670
  835 1311
  836 1005
  837 68
  838 1483
  839 1982
  840 446
  841 1710
  842 1122
  843 159
  844 1569
  845 288
  846 1062
  847 2006
  848 1338
  849 1001
  850 1975
  851 1677
  852 236
  853 1882
  854 383
  855 624
  856 1604
  857 1611
  858 662
  859 898
  860 440
  861 29
  862 839
  863 1574
  864 2109
  865 1038
  866 1602
  867 90
  868 1839
  869 783
  870 616
  871 1081
  872 276
  873 1002
  874 597
  875 1666
  876 275
  877 1928
  878 1355
  879 614
  880 798
  881 1268
  882 1771
  883 224
  884 861
  885 1907
  886 317
  887 1083
  888 278
  889 1412
  890 2137
  891 1501
  892 1175
  893 832
  894 1737
  895 1756
  896 1172
  897 1363
  898 1350
  899 1930
  900 514
  901 129
  902 2029
  903 903
  904 526
  905 1725
  906 277
  907 103
  908 1801
  909 464
  910 1913
  911 2091
  912 1788
  913 1271
  914 1103
  915 472
  916 1727
  917 192
  918 1550
  919 52
  920 6
  921 1500
  922 1541
  923 826
  924 471
  925 1926
  926 1696
  927 1079
  928 1262
  929 841
  930 407
  931 1050
  932 338
  933 2068
  934 1523
  935 1699
  936 721
  937 337
  938 795
  939 1414
  940 1381
  941 856
  942 2079
  943 461
  944 1332
  945 741
  946 94
  947 1387
  948 31
  949 1607
  950 362
  951 796
  952 1124
  953 1462
  954 489
  955 1244
  956 352
  957 1753
  958 609
  959 1732
  960 1625
  961 447
  962 738
  963 1075
  964 1672
  965 1795
  966 1752
  967 187
  968 1980
  969 1443
  970 22
  971 746
  972 820
  973 1495
  974 64
  975 923
  976 342
  977 1326
  978 2067
  979 775
  980 642
  981 66
  982 896
  983 724
  984 1359
  985 595
  986 4
  987 1799
  988 899
  989 255
  990 44
  991 239
  992 657
  993 1499
  994 765
  995 544
  996 169
  997 654
  998 1942
  999 1688
  1000 1354
  1001 1862
  1002 505
  1003 1203
  1004 1601
  1005 2143
  1006 2039
  1007 515
  1008 1807
  1009 57
  1010 125
  1011 1190
  1012 257
  1013 1490
  1014 941
  1015 2126
  1016 1428
  1017 307
  1018 1766
  1019 984
  1020 1711
  1021 800
  1022 433
  1023 1780
  1024 1291
  1025 1586
  1026 1320
  1027 513
COMMENT: TIMESTEP: 1
ORDERS_SECTION
  1 2 697
  2 3 4
  3 5
  4 6 7
  5 8
  6 9 664
  7 10
  8 11 237
  9 12 13
  10 14
  11 15
  12 16 17
  13 18
  14 19 20
  15 21
  16 22 23
  17 24 25
  18 26 27
  19 28 771
  20 29
  21 30 964
  22 31
  23 32
  24 33 34
  25 35 36
  26 37 38
  27 39
  28 40 41
  29 42 43
  30 44
  31 45
  32 46
  33 47
  34 48 49
  35 50
  36 51 52
  37 53 54
  38 55
  39 56 57
  40 58 59
  41 60 61
  42 62 905 754
  43 63 64
  44 65 66 491
  45 67 68
  46 69
  47 70
  48 71
  49 72
  50 73
  51 74
  52 75 76
  53 77
  54 78
  55 79 80
  56 81 82
  57 83 84
  58 85
  59 86 87 938
  60 88 89
  61 90
  62 91 92
  63 93 94
  64 95 96
  65 97 145
  66 98
  67 99
  68 100 101
  69 102 766
  70 103 104
  71 105 106
  72 107 108
  73 109
  74 110
  75 111 112 190
  76 113
  77 114
  78 115
  79 116 117
  80 118 119
  81 120 121
  82 122 553
  83 123 124
  84 125 126
  85 127 128
  86 129
  87 130
  88 131 132
  89 133 860
  90 134
  91 135
  92 136
  93 137 138
  94 139
  95 140 141 389
  96 142 143
  97 144 145
  98 146 147 714
  99 148 149
  100 150 151 234
  101 152 153
  102 154 270
  103 155
  104 156
  105 157 158
  106 159
  107 160
  108 161
  109 162 163
  110 164 550
  111 165 166
  112 167 168
  113 169 170
  114 171
  115 172 173
  116 174 87
  117 175 176
  118 177
  119 178 179 162
  120 180 181
  121 182
  122 183
  123 184 185
  124 186 187
  125 188 189
  126 190
  127 191
  128 192 193
  129 194 673
  130 195
  131 196
  132 197 204
  133 198
  134 199 200
  135 201
  136 202 275
  137 203
  138 204 205
  139 206
  140 207 208
  141 209 364
  142 210 211 740
  143 212
  144 213
  145 214
  146 215
  147 216
  148 217
  149 218 219
  150 220 221
  151 222 223 632
  152 224 225
  153 226 227
  154 228
  155 229 230
  156 231
  157 232
  158 233
  159 234
  160 235 236
  161 237 238
  162 239
  163 240
  164 241 242
  165 243 244
  166 245 246 588
  167 247 248
  168 249 631
  169 250 251
  170 252
  171 253
  172 254 255
  173 256
  174 257 258
  175 259
  176 260 261
  177 262 263
  178 264 265
  179 266
  180 267 268
  181 269 270
  182 271
  183 272
  184 273 274
  185 275 276
  186 277
  187 278 279
  188 280 281
  189 282 283
  190 284
  191 285
  192 286
  193 287 288
  194 289
  195 290
  196 291
  197 292 293
  198 294
  199 295
  200 296 297
  201 298 299
  202 300 301 160
  203 302 309
  204 303 304
  205 305 306
  206 307 308
  207 309 310
  208 311 312
  209 313
  210 314
  211 315 316
  212 317 318
  213 319
  214 320 321
  215 322 323
  216 324
  217 325 326
  218 327 328
  219 329
  220 330 331
  221 332 444
  222 333 334
  223 335 336
  224 337 338
  225 339 340
  226 341
  227 342
  228 343
  229 344 345
  230 346 347
  231 348
  232 349
  233 350 351
  234 352
  235 353
  236 354 355
  237 356 357
  238 358 359 933
  239 360
  240 361 362
  241 363
  242 364 365
  243 366 367
  244 368
  245 369 370
  246 371
  247 372
  248 373
  249 374
  250 375 491
  251 376
  252 377 378
  253 379 380
  254 381 823
  255 382
  256 383
  257 384 385 831
  258 386
  259 387
  260 388 74
  261 389
  262 390 391
  263 392 393
  264 394 395
  265 396
  266 397
  267 398
  268 399
  269 400 586
  270 401 402
  271 403
  272 404
  273 405
  274 406
  275 407 408
  276 409
  277 410
  278 411 41
  279 412
  280 413
  281 414 415
  282 416 417
  283 418 419
  284 420 421
  285 422
  286 423 424
  287 425 426 757 1005
  288 427
  289 428 429
  290 430 875 523
  291 431 432
  292 433
  293 434 435
  294 436 437
  295 438
  296 439
  297 440
  298 441
  299 442
  300 443 444
  301 445 446
  302 447
  303 448
  304 449
  305 450 451
  306 452 453
  307 454 455
  308 456 457
  309 458 459
  310 460
  311 461 462
  312 463 464
  313 465
  314 466 467
  315 468 136
  316 469 470
  317 471
  318 472 473
  319 474 475
  320 476 477 999
  321 478 479
  322 480 481
  323 482 483
  324 484 485
  325 486
  326 487 488
  327 489
  328 490 491
  329 492
  330 493
  331 494
  332 495
  333 496 497
  334 498 652
  335 499
  336 500 501
  337 502
  338 503 285
  339 504 505
  340 506 507
  341 508 509
  342 510
  343 511
  344 512
  345 513 113
  346 514
  347 515 516
  348 517
  349 518
  350 519
  351 520 521
  352 522
  353 523
  354 524 525
  355 526
  356 527
  357 528
  358 529
  359 530 531 523
  360 532 533
  361 534 535
  362 536 537
  363 538
  364 539 540
  365 541
  366 542 543
  367 544 545
  368 546 547
  369 548 549
  370 550
  371 551 552
  372 553
  373 554 448
  374 555
  375 556 557 386 215
  376 558
  377 559
  378 560 561
  379 562
  380 563 564 201
  381 565
  382 566 306 656
  383 567
  384 568 569 937
  385 570 571
  386 572 573
  387 574 575
  388 576
  389 577 578
  390 579
  391 580 581
  392 582
  393 583 584
  394 585 586
  395 587
  396 588
  397 589
  398 590 915
  399 591
  400 592 593
  401 594 595
  402 596 597
  403 598 599
  404 600 601 1020
  405 602 603
  406 604 605
  407 606 607
  408 608
  409 609
  410 610
  411 611 612
  412 613 614
  413 615 616 370 221
  414 617
  415 618
  416 619
  417 620 621
  418 622 328
  419 623 624
  420 625
  421 626
  422 627 304
  423 628 629
  424 630 631
  425 632 633
  426 634
  427 635
  428 636 637 96
  429 638 639
  430 640
  431 641
  432 642
  433 643
  434 644
  435 645
  436 646
  437 647
  438 648 649
  439 650 651
  440 652
  441 653
  442 654 655
  443 656
  444 657 658
  445 659
  446 660
  447 661 662
  448 663
  449 664 665
  450 666
  451 667
  452 668 669
  453 670
  454 671 672
  455 673
  456 674
  457 675 676 831
  458 677 678
  459 679 680
  460 681
  461 682 683
  462 684 685
  463 686
  464 687 688
  465 689
  466 690 691 350
  467 692 693
  468 694 695
  469 696 284
  470 697
  471 698
  472 699
  473 700 701
  474 702
  475 703
  476 704 705
  477 706 707
  478 708
  479 709
  480 710
  481 711 712 560
  482 713
  483 714
  484 715 716
  485 717
  486 718 719
  487 720 721 685
  488 722
  489 723 724
  490 725
  491 726
  492 727
  493 728 729
  494 730
  495 731
  496 732
  497 733
  498 734
  499 735
  500 736
  501 737
  502 738
  503 739 740
  504 741
  505 742
  506 743 744
  507 745 746
  508 747 748
  509 749
  510 750 751
  511 752
  512 753
  513 754 755
  514 756
  515 757
  516 758 759
  517 760 761
  518 762 763
  519 764 765
  520 766 767
  521 768
  522 769 770
  523 771 772
  524 773
  525 774
  526 775 776
  527 777
  528 778 779 96
  529 780 334
  530 781 782
  531 783 784
  532 785
  533 786 787
  534 788 789
  535 790
  536 791
  537 792 793 828
  538 794 689
  539 795 796
  540 797 798
  541 799
  542 800
  543 801
  544 802 803
  545 804 805
  546 806
  547 807 808
  548 809 810
  549 811
  550 812 813
  551 814 815
  552 816
  553 817 818
  554 819 820
  555 821 822
  556 823
  557 824 825
  558 826
  559 827 828
  560 829
  561 830
  562 831
  563 832 833
  564 834 835
  565 836 837
  566 838
  567 839 840
  568 841 842
  569 843
  570 844 845
  571 846 847
  572 848 849
  573 850 851
  574 852 853 933
  575 854 232
  576 855 856 735
  577 857 858
  578 859 860
  579 861 862
  580 863
  581 864
  582 865 683 653
  583 866 867
  584 868
  585 869
  586 870
  587 871 872 71
  588 873 874
  589 875
  590 876 877
  591 878
  592 879 880
  593 881 882
  594 883 884
  595 885 886
  596 887 888
  597 889
  598 890
  599 891
  600 892 893
  601 894 895
  602 896 897
  603 898 52
  604 899
  605 900 901
  606 902 903
  607 904 905
  608 906
  609 907
  610 908
  611 909
  612 910
  613 911 912
  614 913 914
  615 915
  616 916 917
  617 918 919
  618 920
  619 921
  620 922 923
  621 924 925
  622 926 927
  623 928
  624 929 930
  625 931
  626 932 933
  627 934
  628 935 936 148
  629 937
  630 938
  631 939
  632 940
  633 941
  634 942
  635 943 944
  636 945 659
  637 946
  638 947
  639 948 949
  640 950 951
  641 952
  642 953
  643 954 955
  644 956
  645 957
  646 958 959
  647 960 961
  648 962
  649 963
  650 964
  651 965
  652 966 967
  653 968 969
  654 970 971
  655 972
  656 973 974
  657 975 976
  658 977 978
  659 979
  660 980 981
  661 982 983
  662 984 985
  663 986
  664 987 988
  665 989
  666 990
  667 991 992
  668 993 994
  669 995
  670 996
  671 997 998 389
  672 999
  673 1000
  674 1001
  675 1002 1003
  676 1004
  677 1005 1006
  678 1007
  679 1008 1009
  680 1010 1011
  681 1012 1013
  682 1014 1015
  683 1016 1017
  684 1018 1019
  685 1020
  686 1021 1022
  687 1023 29
  688 1024 1025
  689 1026 1027
TIME_AVAIL_SECTION
  1 1
  2 1
  3 1
  4 1
  5 1
  6 1
  7 1
  8 1
  9 1
  10 1
  11 1
  12 1
  13 1
  14 1
  15 1
  16 1
  17 1
  18 1
  19 1
  20 1
  21 1
  22 1
  23 1
  24 1
  25 1
  26 1
  27 1
  28 1
  29 1
  30 1
  31 1
  32 1
  33 1
  34 1
  35 1
  36 1
  37 1
  38 1
  39 1
  40 1
  41 1
  42 1
  43 1
  44 1
  45 1
  46 1
  47 1
  48 1
  49 1
  50 1
  51 1
  52 1
  53 1
  54 1
  55 1
  56 1
  57 1
  58 1
  59 1
  60 1
  61 1
  62 1
  63 1
  64 1
  65 1
  66 1
  67 1
  68 1
  69 1
  70 1
  71 1
  72 1
  73 1
  74 1
  75 1
  76 1
  77 1
  78 1
  79 1
  80 1
  81 1
  82 1
  83 1
  84 1
  85 1
  86 1
  87 1
  88 1
  89 1
  90 1
  91 1
  92 1
  93 1
  94 1
  95 1
  96 1
  97 1
  98 1
  99 1
  100 1
  101 1
  102 1
  103 1
  104 1
  105 1
  106 1
  107 1
  108 1
  109 1
  110 1
  111 1
  112 1
  113 1
  114 1
  115 1
  116 1
  117 1
  118 1
  119 1
  120 1
  121 1
  122 1
  123 1
  124 1
  125 1
  126 1
  127 1
  128 1
  129 1
  130 1
  131 1
  132 1
  133 1
  134 1
  135 1
  136 1
  137 1
  138 1
  139 1
  140 1
  141 1
  142 1
  143 1
  144 1
  145 1
  146 1
  147 1
  148 1
  149 1
  150 1
  151 1
  152 1
  153 1
  154 1
  155 1
  156 1
  157 1
  158 1
  159 1
  160 1
  161 1
  162 1
  163 1
  164 1
  165 1
  166 1
  167 1
  168 1
  169 1
  170 1
  171 1
  172 1
  173 1
  174 1
  175 1
  176 1
  177 1
  178 1
  179 1
  180 1
  181 1
  182 1
  183 1
  184 1
  185 1
  186 1
  187 1
  188 1
  189 1
  190 1
  191 1
  192 1
  193 1
  194 1
  195 1
  196 1
  197 1
  198 1
  199 1
  200 1
  201 1
  202 1
  203 1
  204 1
  205 1
  206 1
  207 1
  208 1
  209 1
  210 1
  211 1
  212 1
  213 1
  214 1
  215 1
  216 1
  217 1
  218 1
  219 1
  220 1
  221 1
  222 1
  223 1
  224 1
  225 1
  226 1
  227 1
  228 1
  229 1
  230 1
  231 1
  232 1
  233 1
  234 1
  235 1
  236 1
  237 1
  238 1
  239 1
  240 1
  241 1
  242 1
  243 1
  244 1
  245 1
  246 1
  247 1
  248 1
  249 1
  250 1
  251 1
  252 1
  253 1
  254 1
  255 1
  256 1
  257 1
  258 1
  259 1
  260 1
  261 1
  262 1
  263 1
  264 1
  265 1
  266 1
  267 1
  268 1
  269 1
  270 1
  271 1
  272 1
  273 1
  274 1
  275 1
  276 1
  277 1
  278 1
  279 1
  280 1
  281 1
  282 1
  283 1
  284 1
  285 1
  286 1
  287 1
  288 1
  289 1
  290 1
  291 1
  292 1
  293 1
  294 1
  295 1
  296 1
  297 1
  298 1
  299 1
  300 1
  301 1
  302 1
  303 1
  304 1
  305 1
  306 1
  307 1
  308 1
  309 1
  310 1
  311 1
  312 1
  313 1
  314 1
  315 1
  316 1
  317 1
  318 1
  319 1
  320 1
  321 1
  322 1
  323 1
  324 1
  325 1
  326 1
  327 1
  328 1
  329 1
  330 1
  331 1
  332 1
  333 1
  334 1
  335 1
  336 1
  337 1
  338 1
  339 1
  340 1
  341 1
  342 1
  343 1
  344 1
  345 1
  346 1
  347 1
  348 1
  349 1
  350 1
  351 1
  352 1
  353 1
  354 1
  355 1
  356 1
  357 1
  358 1
  359 1
  360 1
  361 1
  362 1
  363 1
  364 1
  365 1
  366 1
  367 1
  368 1
  369 1
  370 1
  371 1
  372 1
  373 1
  374 1
  375 1
  376 1
  377 1
  378 1
  379 1
  380 1
  381 1
  382 1
  383 1
  384 1
  385 1
  386 1
  387 1
  388 1
  389 1
  390 1
  391 1
  392 1
  393 1
  394 1
  395 1
  396 1
  397 1
  398 1
  399 1
  400 1
  401 1
  402 1
  403 1
  404 1
  405 1
  406 1
  407 1
  408 1
  409 1
  410 1
  411 1
  412 1
  413 1
  414 1
  415 1
  416 1
  417 1
  418 1
  419 1
  420 1
  421 1
  422 1
  423 1
  424 1
  425 1
  426 1
  427 1
  428 1
  429 1
  430 1
  431 1
  432 1
  433 1
  434 1
  435 1
  436 1
  437 1
  438 1
  439 1
  440 1
  441 1
  442 1
  443 1
  444 1
  445 1
  446 1
  447 1
  448 1
  449 1
  450 1
  451 1
  452 1
  453 1
  454 1
  455 1
  456 1
  457 1
  458 1
  459 1
  460 1
  461 1
  462 1
  463 1
  464 1
  465 1
  466 1
  467 1
  468 1
  469 1
  470 1
  471 1
  472 1
  473 1
  474 1
  475 1
  476 1
  477 1
  478 1
  479 1
  480 1
  481 1
  482 1
  483 1
  484 1
  485 1
  486 1
  487 1
  488 1
  489 1
  490 1
  491 1
  492 1
  493 1
  494 1
  495 1
  496 1
  497 1
  498 1
  499 1
  500 1
  501 1
  502 1
  503 1
  504 1
  505 1
  506 1
  507 1
  508 1
  509 1
  510 1
  511 1
  512 1
  513 1
  514 1
  515 1
  516 1
  517 1
  518 1
  519 1
  520 1
  521 1
  522 1
  523 1
  524 1
  525 1
  526 1
  527 1
  528 1
  529 1
  530 1
  531 1
  532 1
  533 1
  534 1
  535 1
  536 1
  537 1
  538 1
  539 1
  540 1
  541 1
  542 1
  543 1
  544 1
  545 1
  546 1
  547 1
  548 1
  549 1
  550 1
  551 1
  552 1
  553 1
  554 1
  555 1
  556 1
  557 1
  558 1
  559 1
  560 1
  561 1
  562 1
  563 1
  564 1
  565 1
  566 1
  567 1
  568 1
  569 1
  570 1
  571 1
  572 1
  573 1
  574 1
  575 1
  576 1
  577 1
  578 1
  579 1
  580 1
  581 1
  582 1
  583 1
  584 1
  585 1
  586 1
  587 1
  588 1
  589 1
  590 1
  591 1
  592 1
  593 1
  594 1
  595 1
  596 1
  597 1
  598 1
  599 1
  600 1
  601 1
  602 1
  603 1
  604 1
  605 1
  606 1
  607 1
  608 1
  609 1
  610 1
  611 1
  612 1
  613 1
  614 1
  615 1
  616 1
  617 1
  618 1
  619 1
  620 1
  621 1
  622 1
  623 1
  624 1
  625 1
  626 1
  627 1
  628 1
  629 1
  630 1
  631 1
  632 1
  633 1
  634 1
  635 1
  636 1
  637 1
  638 1
  639 1
  640 1
  641 1
  642 1
  643 1
  644 1
  645 1
  646 1
  647 1
  648 1
  649 1
  650 1
  651 1
  652 1
  653 1
  654 1
  655 1
  656 1
  657 1
  658 1
  659 1
  660 1
  661 1
  662 1
  663 1
  664 1
  665 1
  666 1
  667 1
  668 1
  669 1
  670 1
  671 1
  672 1
  673 1
  674 1
  675 1
  676 1
  677 1
  678 1
  679 1
  680 1
  681 1
  682 1
  683 1
  684 1
  685 1
  686 1
  687 1
  688 1
  689 1
EOF
