VRPTEST 1.0
COMMENT: descr: Modified tsplib for the OBP
COMMENT: Best known objective: 8520.826
COMMENT: Computational time (s): 445.999404
NAME: c1508_47f9
NUM_CAPACITIES: 1
NUM_VISITS: 1508
NUM_VEHICLES: 40
CAPACITIES: 18
DATA_SECTION
DEPOTS
  0
  1
VISIT_LOCATION_SECTION
  2 1963
  3 1025
  4 655
  5 696
  6 1939
  7 1892
  8 1295
  9 630
  10 286
  11 947
  12 2080
  13 148
  14 781
  15 971
  16 1932
  17 933
  18 1218
  19 774
  20 997
  21 1203
  22 879
  23 596
  24 1713
  25 1653
  26 1294
  27 505
  28 423
  29 1619
  30 1882
  31 1023
  32 645
  33 945
  34 1176
  35 581
  36 1677
  37 1110
  38 517
  39 1579
  40 1067
  41 640
  42 1354
  43 1754
  44 1811
  45 755
  46 420
  47 951
  48 658
  49 2144
  50 1268
  51 887
  52 583
  53 256
  54 408
  55 378
  56 1402
  57 795
  58 1571
  59 831
  60 77
  61 1927
  62 1936
  63 326
  64 1347
  65 132
  66 1804
  67 203
  68 405
  69 135
  70 87
  71 673
  72 1995
  73 1257
  74 1053
  75 1462
  76 1472
  77 703
  78 2052
  79 1759
  80 352
  81 1448
  82 69
  83 212
  84 1967
  85 2050
  86 1306
  87 1965
  88 66
  89 576
  90 272
  91 1945
  92 1594
  93 210
  94 1734
  95 1663
  96 865
  97 468
  98 2069
  99 1733
  100 551
  101 730
  102 2079
  103 1057
  104 1427
  105 184
  106 749
  107 921
  108 443
  109 1768
  110 1980
  111 2161
  112 2165
  113 1749
  114 1476
  115 1884
  116 192
  117 572
  118 503
  119 756
  120 837
  121 265
  122 848
  123 2008
  124 1481
  125 1329
  126 1577
  127 2024
  128 269
  129 1210
  130 1784
  131 1830
  132 466
  133 613
  134 105
  135 369
  136 1928
  137 1367
  138 2033
  139 507
  140 173
  141 605
  142 523
  143 1657
  144 1645
  145 59
  146 1838
  147 446
  148 489
  149 111
  150 1629
  151 1625
  152 493
  153 797
  154 2046
  155 2075
  156 1211
  157 765
  158 529
  159 558
  160 374
  161 1837
  162 1907
  163 521
  164 334
  165 1443
  166 108
  167 1878
  168 19
  169 221
  170 1755
  171 1135
  172 2015
  173 1207
  174 1404
  175 67
  176 1173
  177 1033
  178 1649
  179 16
  180 766
  181 219
  182 432
  183 1704
  184 519
  185 485
  186 216
  187 1499
  188 465
  189 1345
  190 113
  191 1396
  192 264
  193 449
  194 899
  195 531
  196 1078
  197 1188
  198 972
  199 1637
  200 828
  201 1782
  202 919
  203 1868
  204 299
  205 684
  206 927
  207 463
  208 1873
  209 290
  210 238
  211 553
  212 1959
  213 1183
  214 674
  215 1103
  216 1400
  217 1673
  218 556
  219 62
  220 1545
  221 1108
  222 1195
  223 200
  224 620
  225 1049
  226 1410
  227 1163
  228 1678
  229 2109
  230 1114
  231 1466
  232 547
  233 2168
  234 125
  235 668
  236 327
  237 955
  238 924
  239 532
  240 371
  241 646
  242 457
  243 187
  244 2025
  245 127
  246 298
  247 1587
  248 1780
  249 1530
  250 886
  251 1696
  252 2053
  253 1465
  254 729
  255 1273
  256 1220
  257 1732
  258 1846
  259 138
  260 1526
  261 30
  262 157
  263 2011
  264 1894
  265 1707
  266 872
  267 1921
  268 1012
  269 1083
  270 293
  271 1084
  272 318
  273 416
  274 2102
  275 387
  276 968
  277 1030
  278 1054
  279 159
  280 778
  281 932
  282 460
  283 1549
  284 1136
  285 1501
  286 544
  287 1808
  288 396
  289 231
  290 2066
  291 1489
  292 502
  293 666
  294 1081
  295 1452
  296 731
  297 83
  298 1729
  299 812
  300 1533
  301 2078
  302 2120
  303 1886
  304 448
  305 975
  306 266
  307 1344
  308 171
  309 1099
  310 1485
  311 1458
  312 6
  313 2076
  314 1372
  315 835
  316 842
  317 1794
  318 898
  319 218
  320 1512
  321 1546
  322 52
  323 1357
  324 913
  325 1358
  326 1832
  327 1604
  328 1066
  329 1688
  330 1071
  331 1752
  332 215
  333 1701
  334 1863
  335 894
  336 599
  337 1943
  338 1508
  339 1570
  340 2117
  341 260
  342 496
  343 805
  344 612
  345 1446
  346 1885
  347 534
  348 762
  349 1560
  350 199
  351 297
  352 1192
  353 752
  354 349
  355 1436
  356 242
  357 1198
  358 2072
  359 698
  360 1584
  361 381
  362 183
  363 1831
  364 524
  365 2067
  366 2090
  367 149
  368 579
  369 1378
  370 2047
  371 140
  372 1039
  373 751
  374 1319
  375 694
  376 1495
  377 1492
  378 1166
  379 1122
  380 17
  381 403
  382 1451
  383 1302
  384 1799
  385 163
  386 1216
  387 582
  388 782
  389 578
  390 1002
  391 404
  392 988
  393 1312
  394 1917
  395 1276
  396 1261
  397 347
  398 1661
  399 1553
  400 1793
  401 421
  402 205
  403 1254
  404 1314
  405 375
  406 1585
  407 834
  408 93
  409 2138
  410 802
  411 1236
  412 1528
  413 1843
  414 1527
  415 1255
  416 1670
  417 1037
  418 337
  419 1665
  420 813
  421 1890
  422 415
  423 464
  424 1771
  425 1041
  426 1238
  427 1748
  428 1337
  429 2040
  430 1854
  431 2111
  432 1543
  433 275
  434 1966
  435 364
  436 1813
  437 994
  438 1864
  439 472
  440 1089
  441 1720
  442 1075
  443 941
  444 1178
  445 1488
  446 1184
  447 1563
  448 1280
  449 58
  450 96
  451 2012
  452 1853
  453 681
  454 1779
  455 1662
  456 1197
  457 1425
  458 1844
  459 2095
  460 1588
  461 1106
  462 317
  463 1800
  464 1093
  465 867
  466 2126
  467 548
  468 101
  469 565
  470 1405
  471 649
  472 1040
  473 1595
  474 2092
  475 987
  476 329
  477 717
  478 632
  479 308
  480 307
  481 1174
  482 1636
  483 1447
  484 1494
  485 2070
  486 2074
  487 1202
  488 838
  489 1235
  490 1851
  491 1013
  492 246
  493 1342
  494 787
  495 603
  496 775
  497 873
  498 458
  499 528
  500 662
  501 392
  502 1705
  503 1059
  504 1609
  505 68
  506 1551
  507 436
  508 1666
  509 1359
  510 1557
  511 1871
  512 1887
  513 143
  514 240
  515 1248
  516 1090
  517 1269
  518 445
  519 1287
  520 954
  521 417
  522 1962
  523 2089
  524 1919
  525 1826
  526 2059
  527 1455
  528 1343
  529 1377
  530 1718
  531 2010
  532 9
  533 1671
  534 104
  535 1417
  536 1617
  537 251
  538 324
  539 1094
  540 993
  541 237
  542 1048
  543 129
  544 382
  545 1668
  546 943
  547 1383
  548 770
  549 833
  550 56
  551 1544
  552 1339
  553 562
  554 284
  555 220
  556 425
  557 1708
  558 1633
  559 564
  560 79
  561 2150
  562 145
  563 733
  564 1744
  565 1177
  566 1690
  567 294
  568 2096
  569 665
  570 20
  571 31
  572 1282
  573 2013
  574 1835
  575 1626
  576 981
  577 1500
  578 390
  579 1769
  580 906
  581 1627
  582 1765
  583 2145
  584 1070
  585 270
  586 1356
  587 1777
  588 1470
  589 735
  590 444
  591 2026
  592 857
  593 2132
  594 648
  595 1992
  596 1669
  597 1951
  598 2036
  599 1905
  600 1913
  601 617
  602 685
  603 916
  604 1332
  605 84
  606 1644
  607 1385
  608 1426
  609 719
  610 686
  611 1138
  612 725
  613 23
  614 1791
  615 892
  616 1242
  617 1559
  618 1267
  619 1972
  620 1200
  621 1005
  622 864
  623 342
  624 1079
  625 801
  626 824
  627 1703
  628 634
  629 720
  630 2014
  631 306
  632 362
  633 1891
  634 1278
  635 1747
  636 1881
  637 320
  638 601
  639 152
  640 991
  641 1147
  642 430
  643 1373
  644 25
  645 654
  646 1230
  647 259
  648 230
  649 609
  650 399
  651 1676
  652 207
  653 1072
  654 891
  655 670
  656 1241
  657 2006
  658 1379
  659 935
  660 790
  661 1741
  662 1999
  663 1574
  664 1586
  665 2035
  666 303
  667 339
  668 1985
  669 1361
  670 263
  671 1272
  672 22
  673 360
  674 172
  675 657
  676 470
  677 1603
  678 36
  679 1740
  680 1249
  681 843
  682 302
  683 1687
  684 1490
  685 1233
  686 124
  687 1209
  688 1335
  689 1983
  690 47
  691 227
  692 1154
  693 119
  694 663
  695 13
  696 309
  697 627
  698 1930
  699 1801
  700 909
  701 1862
  702 15
  703 92
  704 1477
  705 131
  706 1390
  707 447
  708 1381
  709 234
  710 745
  711 1300
  712 1757
  713 314
  714 1157
  715 1156
  716 1504
  717 226
  718 513
  719 976
  720 1313
  721 354
  722 344
  723 1561
  724 922
  725 883
  726 678
  727 647
  728 94
  729 2081
  730 807
  731 1814
  732 2086
  733 1120
  734 1134
  735 1507
  736 1582
  737 2131
  738 393
  739 224
  740 133
  741 881
  742 671
  743 2146
  744 461
  745 1872
  746 1004
  747 33
  748 978
  749 495
  750 2087
  751 701
  752 652
  753 1929
  754 526
  755 323
  756 1271
  757 365
  758 146
  759 245
  760 977
  761 944
  762 650
  763 1798
  764 1050
  765 1305
  766 595
  767 949
  768 1612
  769 1896
  770 422
  771 823
  772 243
  773 1925
  774 2073
  775 1693
  776 27
  777 844
  778 1423
  779 1155
  780 383
  781 1583
  782 1175
  783 282
  784 1137
  785 385
  786 1124
  787 1819
  788 625
  789 1856
  790 608
  791 170
  792 1101
  793 1146
  794 2060
  795 1223
  796 478
  797 1724
  798 1327
  799 1955
  800 1011
  801 429
  802 1498
  803 822
  804 1189
  805 121
  806 809
  807 142
  808 895
  809 2157
  810 537
  811 1391
  812 800
  813 1899
  814 1263
  815 1038
  816 1467
  817 2098
  818 542
  819 151
  820 1338
  821 1861
  822 89
  823 1283
  824 1834
  825 232
  826 1091
  827 278
  828 1252
  829 549
  830 1751
  831 736
  832 1036
  833 697
  834 1565
  835 2158
  836 912
  837 2118
  838 1113
  839 134
  840 1464
  841 1133
  842 1767
  843 1728
  844 340
  845 1888
  846 363
  847 71
  848 1260
  849 2108
  850 811
  851 821
  852 380
  853 1971
  854 818
  855 1352
  856 530
  857 126
  858 228
  859 1875
  860 1941
  861 44
  862 1015
  863 162
  864 63
  865 1750
  866 600
  867 856
  868 1517
  869 1088
  870 1548
  871 2135
  872 433
  873 1986
  874 1234
  875 102
  876 1855
  877 641
  878 2029
  879 560
  880 726
  881 2021
  882 2123
  883 1949
  884 1547
  885 554
  886 1318
  887 839
  888 635
  889 961
  890 1753
  891 571
  892 602
  893 748
  894 483
  895 1243
  896 1534
  897 1638
  898 1424
  899 1833
  900 1880
  901 1288
  902 2049
  903 1245
  904 2030
  905 819
  906 1056
  907 711
  908 1435
  909 863
  910 2061
  911 1366
  912 2041
  913 161
  914 1860
  915 2134
  916 2127
  917 277
  918 903
  919 418
  920 1308
  921 607
  922 590
  923 1558
  924 1672
  925 1847
  926 1382
  927 1142
  928 890
  929 1407
  930 1483
  931 876
  932 1858
  933 214
  934 1297
  935 100
  936 2028
  937 1817
  938 90
  939 1717
  940 1996
  941 1432
  942 1562
  943 120
  944 2023
  945 792
  946 1978
  947 871
  948 1411
  949 1976
  950 850
  951 1098
  952 1326
  953 250
  954 1497
  955 2163
  956 402
  957 1984
  958 760
  959 586
  960 336
  961 1143
  962 2007
  963 1097
  964 1244
  965 1453
  966 439
  967 1328
  968 1201
  969 1931
  970 661
  971 11
  972 2002
  973 946
  974 2153
  975 999
  976 1816
  977 1721
  978 746
  979 928
  980 594
  981 1164
  982 116
  983 1205
  984 714
  985 853
  986 1001
  987 1702
  988 1606
  989 677
  990 2048
  991 401
  992 37
  993 1923
  994 353
  995 826
  996 1104
  997 1250
  998 2018
  999 43
  1000 1683
  1001 739
  1002 296
  1003 2115
  1004 1901
  1005 2113
  1006 667
  1007 568
  1008 1454
  1009 1766
  1010 536
  1011 2105
  1012 249
  1013 1576
  1014 1151
  1015 793
  1016 1471
  1017 498
  1018 316
  1019 1607
  1020 191
  1021 767
  1022 280
  1023 1903
  1024 509
  1025 1883
  1026 1296
  1027 1406
  1028 1416
  1029 1953
  1030 692
  1031 1650
  1032 1473
  1033 1102
  1034 985
  1035 236
  1036 1428
  1037 1614
  1038 1900
  1039 195
  1040 574
  1041 1981
  1042 708
  1043 2112
  1044 1228
  1045 832
  1046 2085
  1047 1866
  1048 1055
  1049 174
  1050 1503
  1051 592
  1052 983
  1053 1064
  1054 474
  1055 1991
  1056 687
  1057 346
  1058 80
  1059 1680
  1060 2160
  1061 1630
  1062 26
  1063 1711
  1064 606
  1065 1839
  1066 1525
  1067 1608
  1068 1187
  1069 870
  1070 1007
  1071 1682
  1072 313
  1073 1806
  1074 2071
  1075 1725
  1076 1060
  1077 868
  1078 777
  1079 1160
  1080 923
  1081 1384
  1082 1760
  1083 1556
  1084 917
  1085 1169
  1086 1674
  1087 225
  1088 1573
  1089 1105
  1090 1058
  1091 682
  1092 98
  1093 1658
  1094 1217
  1095 660
  1096 907
  1097 1840
  1098 1034
  1099 2082
  1100 253
  1101 1893
  1102 331
  1103 900
  1104 169
  1105 2
  1106 435
  1107 1698
  1108 10
  1109 267
  1110 1785
  1111 830
  1112 959
  1113 1989
  1114 527
  1115 642
  1116 21
  1117 1047
  1118 683
  1119 764
  1120 1413
  1121 1076
  1122 1979
  1123 1539
  1124 456
  1125 1009
  1126 1849
  1127 1552
  1128 1935
  1129 1107
  1130 54
  1131 1145
  1132 1541
  1133 441
  1134 2058
  1135 1008
  1136 1538
  1137 2017
  1138 351
  1139 1651
  1140 150
  1141 1399
  1142 1825
  1143 204
  1144 1591
  1145 394
  1146 1478
  1147 638
  1148 252
  1149 2097
  1150 734
  1151 1095
  1152 50
  1153 1822
  1154 1315
  1155 854
  1156 1224
  1157 1231
  1158 1537
  1159 368
  1160 1622
  1161 1080
  1162 1310
  1163 477
  1164 34
  1165 1415
  1166 2027
  1167 335
  1168 2063
  1169 611
  1170 2055
  1171 847
  1172 424
  1173 1712
  1174 1828
  1175 744
  1176 2116
  1177 391
  1178 1982
  1179 358
  1180 1994
  1181 1915
  1182 573
  1183 1020
  1184 806
  1185 1274
  1186 2045
  1187 386
  1188 1311
  1189 1601
  1190 499
  1191 1933
  1192 1196
  1193 2083
  1194 1380
  1195 1655
  1196 1772
  1197 1743
  1198 538
  1199 1016
  1200 619
  1201 45
  1202 486
  1203 820
  1204 952
  1205 175
  1206 1149
  1207 1322
  1208 1414
  1209 2147
  1210 1763
  1211 1631
  1212 1523
  1213 1664
  1214 699
  1215 2137
  1216 1096
  1217 1877
  1218 1139
  1219 1333
  1220 1924
  1221 569
  1222 1726
  1223 986
  1224 877
  1225 407
  1226 728
  1227 414
  1228 1086
  1229 373
  1230 1632
  1231 1393
  1232 995
  1233 65
  1234 888
  1235 979
  1236 1341
  1237 964
  1238 328
  1239 1127
  1240 938
  1241 1307
  1242 817
  1243 103
  1244 948
  1245 38
  1246 1132
  1247 1762
  1248 1852
  1249 2125
  1250 1299
  1251 878
  1252 1042
  1253 1792
  1254 165
  1255 1694
  1256 1237
  1257 1876
  1258 1000
  1259 911
  1260 1386
  1261 1947
  1262 1350
  1263 1529
  1264 1867
  1265 153
  1266 1736
  1267 598
  1268 841
  1269 950
  1270 86
  1271 1686
  1272 1431
  1273 406
  1274 759
  1275 550
  1276 1590
  1277 500
  1278 2039
  1279 1977
  1280 1618
  1281 49
  1282 1776
  1283 1786
  1284 929
  1285 2133
  1286 925
  1287 1266
  1288 1441
  1289 680
  1290 893
  1291 540
  1292 1186
  1293 1737
  1294 1360
  1295 1710
  1296 281
  1297 473
  1298 1513
  1299 875
  1300 300
  1301 1131
  1302 1596
  1303 631
  1304 70
  1305 1179
  1306 64
  1307 1336
  1308 1474
  1309 1684
  1310 1944
  1311 42
  1312 2043
  1313 904
  1314 974
  1315 1646
  1316 776
  1317 1774
  1318 896
  1319 1085
  1320 182
  1321 829
  1322 24
  1323 1592
  1324 491
  1325 859
  1326 1937
  1327 1259
  1328 957
  1329 514
  1330 1351
  1331 1961
  1332 315
  1333 1116
  1334 1275
  1335 1656
  1336 1193
  1337 783
  1338 137
  1339 1363
  1340 996
  1341 1214
  1342 1660
  1343 779
  1344 1168
  1345 1685
  1346 1258
  1347 117
  1348 754
  1349 796
  1350 1111
  1351 851
  1352 855
  1353 2143
  1354 2110
  1355 1180
  1356 1003
  1357 989
  1358 189
  1359 1946
  1360 479
  1361 74
  1362 1643
  1363 706
  1364 798
  1365 110
  1366 1148
  1367 1514
  1368 1221
  1369 773
  1370 4
  1371 966
  1372 1369
  1373 1457
  1374 1550
  1375 570
  1376 1285
  1377 1778
  1378 1167
  1379 846
  1380 727
  1381 1387
  1382 705
  1383 338
  1384 379
  1385 1370
  1386 791
  1387 1150
  1388 1904
  1389 325
  1390 372
  1391 198
  1392 552
  1393 758
  1394 869
  1395 301
  1396 1112
  1397 1286
  1398 122
  1399 1746
  1400 501
  1401 2038
  1402 1524
  1403 1952
  1404 1141
  1405 160
  1406 1820
  1407 1208
  1408 2057
  1409 1789
  1410 1412
  1411 1821
  1412 1227
  1413 1265
  1414 8
  1415 664
  1416 1700
  1417 440
  1418 2162
  1419 880
  1420 676
  1421 431
  1422 772
  1423 866
  1424 1262
  1425 1922
  1426 2141
  1427 804
  1428 1161
  1429 1368
  1430 1251
  1431 2154
  1432 691
  1433 785
  1434 1621
  1435 905
  1436 88
  1437 1172
  1438 1897
  1439 29
  1440 229
  1441 1484
  1442 1239
  1443 18
  1444 1117
  1445 1456
  1446 1974
  1447 1870
  1448 1119
  1449 1908
  1450 455
  1451 73
COMMENT: TIMESTEP: 1
ORDERS_SECTION
  1 2 3
  2 4 5 6
  3 7
  4 8 9
  5 10 11 12
  6 13 14
  7 15 16 17
  8 18 19 20
  9 21
  10 22 23
  11 24 25 26 129
  12 27 28 29
  13 30 31
  14 32 33
  15 34 35 36
  16 37
  17 38 39 40
  18 41
  19 42 43 44
  20 45 46
  21 47 48
  22 49
  23 50
  24 51 52 53
  25 54 55 41
  26 56
  27 57
  28 58 59
  29 60
  30 61 62 63
  31 64 65
  32 66
  33 67 68
  34 69 70 71
  35 72 73
  36 74 75 76
  37 77 78
  38 79 80
  39 81
  40 82 83 84
  41 85 86 87
  42 88 89
  43 90
  44 91 92
  45 93
  46 94 95 96
  47 97 98
  48 99 100
  49 101 102
  50 103 104 105
  51 106
  52 107 108 109
  53 110 111 112
  54 113 114 115
  55 116
  56 117 118
  57 119
  58 120 121 122
  59 123 124 125
  60 126 127 128
  61 129
  62 130
  63 131
  64 132 133 134
  65 135 136 137
  66 138 1091
  67 139 140 141
  68 142 143 144
  69 145 146 147 1051
  70 148
  71 149 150 151
  72 152 153 154
  73 155
  74 156 157 921
  75 158 159 160
  76 161 162 163
  77 164 165 166
  78 167 168
  79 169 170 171
  80 172
  81 173
  82 174
  83 175 176 177
  84 178 179
  85 180 181
  86 182
  87 183
  88 184 185 186
  89 187 188
  90 189 190 191
  91 192 193 194
  92 195 196 197
  93 198 199 200
  94 201 202
  95 203 204
  96 205 206 207
  97 208
  98 209 210
  99 211
  100 212
  101 213 214 215
  102 216 217 218
  103 219 220
  104 221
  105 222 223 224
  106 225 226 227
  107 228 229
  108 230 231 232
  109 233
  110 234 235
  111 236
  112 237
  113 238 239 240
  114 241
  115 242 243 244
  116 245 246 247
  117 248 249
  118 250 251 252
  119 253
  120 254 255
  121 256 257 258
  122 259 260 261
  123 262 263
  124 264 265 266
  125 267 268 269
  126 270
  127 271 272
  128 273
  129 274 275 276
  130 277
  131 278 279 280
  132 281
  133 282 1213
  134 283 284 285 228
  135 286 287
  136 288
  137 289
  138 290
  139 291 292 293
  140 294
  141 295 296
  142 297 298
  143 299 300
  144 301 302
  145 303
  146 304
  147 305 306 307
  148 308 309 310
  149 311
  150 312 313 314
  151 315 316
  152 317 318 319
  153 320 321
  154 322 323
  155 324 325 326
  156 327 328 329 752
  157 330 331
  158 332
  159 333
  160 334 335
  161 336
  162 337 338
  163 339 340 341
  164 342
  165 343
  166 344
  167 345 346 347
  168 348 349 350 890
  169 351 352
  170 353 354 355
  171 356 357
  172 358 359
  173 360
  174 361 362 363
  175 364 365
  176 366 367
  177 368 369 370
  178 371 372 373
  179 374 375 376
  180 377
  181 378 379 380
  182 381 382 208
  183 383
  184 384 385
  185 386 387
  186 388 389 390
  187 391 392
  188 393 394
  189 395 396 397
  190 398 399 400
  191 401
  192 402 262
  193 403 404 405
  194 406 407
  195 408
  196 409 410
  197 411
  198 412 413
  199 414 415
  200 416
  201 417 418
  202 419 420 421
  203 422 423 424
  204 425 426 427
  205 428 429 430
  206 431 432 433
  207 434
  208 435 436
  209 437 438 802
  210 439 440
  211 441 442 443
  212 444 445 446
  213 447 448 449
  214 450
  215 451 452
  216 453 454
  217 455 456
  218 457 458
  219 459 460
  220 461 462 463 761
  221 464
  222 465
  223 466 467 468
  224 469
  225 470
  226 471 472
  227 473 474 475 1418
  228 476
  229 477 478 479
  230 480 481 482
  231 483 484 485
  232 486 487
  233 488 489 322
  234 490 491 1115
  235 492 493 494 1002
  236 495 496 497
  237 498
  238 499 500
  239 501 502
  240 503 504
  241 505 506 507
  242 508 509 510 1451
  243 511
  244 512
  245 513 514
  246 515 516 517
  247 518 519
  248 520 521
  249 522 523
  250 524 525
  251 526 527
  252 528 529
  253 530
  254 531
  255 532 533
  256 534 788
  257 535
  258 536
  259 537
  260 538
  261 539
  262 540 541
  263 542 543 544
  264 545 546 547
  265 548 549 550 1400
  266 551 552 553
  267 554
  268 555 556
  269 557 558 559
  270 560 561
  271 562
  272 563 564 565
  273 566 567
  274 568
  275 569
  276 570 571 572
  277 573
  278 574 1259
  279 575 576
  280 577
  281 578 579 263
  282 580 581 582
  283 583 584
  284 585
  285 586 587 14
  286 588 589 590
  287 591
  288 592
  289 593
  290 594
  291 595
  292 596 597 598
  293 599
  294 600
  295 601 602 603
  296 604 605
  297 606
  298 607 608
  299 609
  300 610 611
  301 612 613 1404
  302 614 615 616
  303 617 618 619
  304 620 621
  305 622
  306 623
  307 624 625
  308 626
  309 627 628 629
  310 630 631 632
  311 633 634 635
  312 636 637
  313 638 639 403
  314 640 641
  315 642 643
  316 644
  317 645 646 647
  318 648
  319 649 650 651
  320 652 653
  321 654 655
  322 656 657 135
  323 658 659 660
  324 661 662
  325 663 664
  326 665
  327 666
  328 667
  329 668 669
  330 670 671 672 343
  331 673 674 675
  332 676 677 678
  333 679 680
  334 681
  335 682 683 1325
  336 684 685
  337 686 687
  338 688 689 690
  339 691 692
  340 693
  341 694 756
  342 695 696 697
  343 698 699
  344 700 701 702
  345 703 704 705
  346 706
  347 707 708 709
  348 710 711 712
  349 713 714 715
  350 716 717 718
  351 719
  352 720 721 722
  353 723
  354 724 725 726
  355 727 728 729
  356 730
  357 731 732 1195
  358 733 734 735
  359 736 737 738
  360 739 740 741
  361 742 743
  362 744 745 746
  363 747 748 749
  364 750
  365 751
  366 752
  367 753 754 755
  368 756
  369 757
  370 758 759
  371 760 761
  372 762 763
  373 764 765
  374 766 767
  375 768 769 770
  376 771 772 773
  377 774
  378 775 776
  379 777 778
  380 779 780
  381 781 782 783
  382 784 785
  383 786 787 788
  384 789
  385 790 791 792
  386 793 794 795 882
  387 796 797 798
  388 799 800
  389 801
  390 802
  391 803
  392 804 805
  393 806 807 808
  394 809 810
  395 811 812 813 803 992
  396 814 815 816
  397 817 818 819
  398 820 821 822
  399 823
  400 824
  401 825 826 827
  402 828 829
  403 830 831 832
  404 833 834
  405 835 946
  406 836 837 838
  407 839 840
  408 841 842
  409 843 844 845
  410 846 847
  411 848
  412 849 850 851
  413 852
  414 853 854 855
  415 856 857
  416 858 859 860
  417 861 862
  418 863
  419 864 865
  420 866 867 868 174
  421 869 870 871
  422 872
  423 873 538
  424 874
  425 875 876 877
  426 878 879 880
  427 881
  428 882 883
  429 884
  430 885
  431 886
  432 887 888 889
  433 890 891
  434 892 893 894
  435 895
  436 896
  437 897
  438 898 899
  439 900 901 902
  440 903 904 905
  441 906 907
  442 908 1401
  443 909 910
  444 911 912
  445 913 914
  446 915 916 917
  447 918
  448 919 920
  449 921 922 923
  450 924 925 926
  451 927 928
  452 929 930 931
  453 932
  454 933
  455 934 935
  456 936 937
  457 938 939
  458 940
  459 941 942 943
  460 944 945
  461 946 947 948
  462 949
  463 950 951 952
  464 953 954 955
  465 956 957 958
  466 959
  467 960 961 962
  468 963
  469 964 965 966
  470 967 968
  471 969 970
  472 971 972 973
  473 974 975 976
  474 977 978
  475 979 980
  476 981
  477 982 983
  478 984 985
  479 986 987 988
  480 989 990 991
  481 992 993
  482 994 995 996
  483 997 998 999
  484 1000 1001 1002
  485 1003
  486 1004 1005
  487 1006
  488 1007 1008
  489 1009
  490 1010
  491 1011
  492 1012 1013 1014
  493 1015
  494 1016 1017
  495 1018 1019 1121
  496 1020 1021 1022
  497 1023 1024
  498 1025
  499 1026 1027
  500 1028 1029 1030
  501 1031 1032
  502 1033 1034 1035
  503 1036 1037
  504 1038 1039 1040
  505 1041
  506 1042 1043 1044
  507 1045 1046
  508 1047
  509 1048
  510 1049 1050
  511 1051 1052 1053
  512 1054 1055 1056
  513 1057
  514 1058
  515 1059
  516 1060 1061
  517 1062
  518 1063 1064 1065
  519 1066 1067
  520 1068 1069 1070
  521 1071 1072 1073
  522 1074 1075
  523 1076
  524 1077
  525 1078 1079 1080
  526 1081 1082 1083
  527 1084 1085 1086
  528 1087
  529 1088 1089
  530 1090
  531 1091 1092
  532 1093
  533 1094 1095
  534 1096 1097
  535 1098
  536 1099 1100 1101
  537 1102 593
  538 1103 1104
  539 1105 1106 1107
  540 1108 1109 1110
  541 1111 1112
  542 1113
  543 1114 1115 1116
  544 1117
  545 1118 1119 1120
  546 1121 1122 1123
  547 1124 1144
  548 1125 1126
  549 1127 492
  550 1128 1129 1130 502
  551 1131 1132
  552 1133 1134 1135
  553 1136 1137
  554 1138 1139
  555 1140 1141
  556 1142 1143 1144
  557 1145 1146
  558 1147 1148
  559 1149 1150 1151
  560 1152 1153
  561 1154 1155
  562 1156 1157 1158
  563 1159 1160
  564 1161
  565 1162 1163 1164
  566 1165
  567 1166 1167
  568 1168 1169
  569 1170
  570 1171 1172 1173
  571 1174 1175
  572 1176
  573 1177 1178
  574 1179 1180 692
  575 1181
  576 1182 1183
  577 1184 1185 1186
  578 1187
  579 1188
  580 1189 1190 1191 285
  581 1192 1193 1194
  582 1195
  583 1196 1197 1198
  584 1199
  585 1200 1201
  586 1202 1203
  587 1204 1205 1206
  588 1207
  589 1208 1209
  590 1210 518
  591 1211 1212 1213
  592 1214 1215 1216
  593 1217 1218 1219
  594 1220 1221 1222
  595 1223
  596 1224
  597 1225 1226
  598 1227 1228 1229
  599 1230 1231
  600 1232
  601 1233 1234 1235
  602 1236 1237
  603 1238
  604 1239 1240 1241
  605 1242
  606 1243
  607 1244
  608 1245 1246 1247
  609 1248
  610 1249 1250 1251
  611 1252 1253 1254
  612 1255 1315
  613 1256 1257 1258
  614 1259
  615 1260 1261 1262 1338
  616 1263
  617 1264 1265
  618 1266 1267 1268
  619 1269 1270 1271
  620 1272
  621 1273 1274
  622 1275 1276
  623 1277 1278 1279
  624 1280 158
  625 1281 1282 1283
  626 1284
  627 1285 1286 1287
  628 1288 277
  629 1289
  630 1290 1291 1292
  631 1293 1294 1295
  632 1296 1297 1298
  633 1299 1300 1301
  634 1302 1303 1304
  635 1305 1306
  636 1307 1308
  637 1309
  638 1310
  639 1311 1312 1313
  640 1314
  641 1315
  642 1316 1317 974
  643 1318 1319 1320
  644 1321 1322 1323
  645 1324
  646 1325 1326 1327
  647 1328 1329 1330
  648 1331
  649 1332 1333 661
  650 1334 1335 1336
  651 1337
  652 1338
  653 1339
  654 1340 1341 1342
  655 1343 1344
  656 1345
  657 1346 1347 1348
  658 1349 1350 1351
  659 1352 1353 1354
  660 1355 1356 1357
  661 1358 1359
  662 1360 1361
  663 1362 1363
  664 1364 1365
  665 1366 1367
  666 1368 1369 1370
  667 1371 1372 1373 387
  668 1374 1375
  669 1376 1377
  670 1378 1379 1380
  671 1381 1382 1383 523
  672 1384 1385 1386
  673 1387 1388
  674 1389 1390 1391
  675 1392 1393 1394
  676 1395 1396 1397
  677 1398 1399 1400
  678 1401 1402 1403
  679 1404 1380
  680 1405 1406 1407
  681 1408 1409 1410
  682 1411 1412
  683 1413
  684 1414
  685 1415 1416
  686 1417 1418
  687 1419 1420
  688 1421 1422 1423
  689 1424 1425 1426 655
  690 1427 1428
  691 1429 1291
  692 1430 1431 1432
  693 1433
  694 1434
  695 1435 1436 1437
  696 1438 1439
  697 1440
  698 1441
  699 1442 647
  700 1443
  701 1444 1445
  702 1446 1447 1448 286
  703 1449 1450
  704 1451
TIME_AVAIL_SECTION
  1 1
  2 1
  3 1
  4 1
  5 1
  6 1
  7 1
  8 1
  9 1
  10 1
  11 1
  12 1
  13 1
  14 1
  15 1
  16 1
  17 1
  18 1
  19 1
  20 1
  21 1
  22 1
  23 1
  24 1
  25 1
  26 1
  27 1
  28 1
  29 1
  30 1
  31 1
  32 1
  33 1
  34 1
  35 1
  36 1
  37 1
  38 1
  39 1
  40 1
  41 1
  42 1
  43 1
  44 1
  45 1
  46 1
  47 1
  48 1
  49 1
  50 1
  51 1
  52 1
  53 1
  54 1
  55 1
  56 1
  57 1
  58 1
  59 1
  60 1
  61 1
  62 1
  63 1
  64 1
  65 1
  66 1
  67 1
  68 1
  69 1
  70 1
  71 1
  72 1
  73 1
  74 1
  75 1
  76 1
  77 1
  78 1
  79 1
  80 1
  81 1
  82 1
  83 1
  84 1
  85 1
  86 1
  87 1
  88 1
  89 1
  90 1
  91 1
  92 1
  93 1
  94 1
  95 1
  96 1
  97 1
  98 1
  99 1
  100 1
  101 1
  102 1
  103 1
  104 1
  105 1
  106 1
  107 1
  108 1
  109 1
  110 1
  111 1
  112 1
  113 1
  114 1
  115 1
  116 1
  117 1
  118 1
  119 1
  120 1
  121 1
  122 1
  123 1
  124 1
  125 1
  126 1
  127 1
  128 1
  129 1
  130 1
  131 1
  132 1
  133 1
  134 1
  135 1
  136 1
  137 1
  138 1
  139 1
  140 1
  141 1
  142 1
  143 1
  144 1
  145 1
  146 1
  147 1
  148 1
  149 1
  150 1
  151 1
  152 1
  153 1
  154 1
  155 1
  156 1
  157 1
  158 1
  159 1
  160 1
  161 1
  162 1
  163 1
  164 1
  165 1
  166 1
  167 1
  168 1
  169 1
  170 1
  171 1
  172 1
  173 1
  174 1
  175 1
  176 1
  177 1
  178 1
  179 1
  180 1
  181 1
  182 1
  183 1
  184 1
  185 1
  186 1
  187 1
  188 1
  189 1
  190 1
  191 1
  192 1
  193 1
  194 1
  195 1
  196 1
  197 1
  198 1
  199 1
  200 1
  201 1
  202 1
  203 1
  204 1
  205 1
  206 1
  207 1
  208 1
  209 1
  210 1
  211 1
  212 1
  213 1
  214 1
  215 1
  216 1
  217 1
  218 1
  219 1
  220 1
  221 1
  222 1
  223 1
  224 1
  225 1
  226 1
  227 1
  228 1
  229 1
  230 1
  231 1
  232 1
  233 1
  234 1
  235 1
  236 1
  237 1
  238 1
  239 1
  240 1
  241 1
  242 1
  243 1
  244 1
  245 1
  246 1
  247 1
  248 1
  249 1
  250 1
  251 1
  252 1
  253 1
  254 1
  255 1
  256 1
  257 1
  258 1
  259 1
  260 1
  261 1
  262 1
  263 1
  264 1
  265 1
  266 1
  267 1
  268 1
  269 1
  270 1
  271 1
  272 1
  273 1
  274 1
  275 1
  276 1
  277 1
  278 1
  279 1
  280 1
  281 1
  282 1
  283 1
  284 1
  285 1
  286 1
  287 1
  288 1
  289 1
  290 1
  291 1
  292 1
  293 1
  294 1
  295 1
  296 1
  297 1
  298 1
  299 1
  300 1
  301 1
  302 1
  303 1
  304 1
  305 1
  306 1
  307 1
  308 1
  309 1
  310 1
  311 1
  312 1
  313 1
  314 1
  315 1
  316 1
  317 1
  318 1
  319 1
  320 1
  321 1
  322 1
  323 1
  324 1
  325 1
  326 1
  327 1
  328 1
  329 1
  330 1
  331 1
  332 1
  333 1
  334 1
  335 1
  336 1
  337 1
  338 1
  339 1
  340 1
  341 1
  342 1
  343 1
  344 1
  345 1
  346 1
  347 1
  348 1
  349 1
  350 1
  351 1
  352 1
  353 1
  354 1
  355 1
  356 1
  357 1
  358 1
  359 1
  360 1
  361 1
  362 1
  363 1
  364 1
  365 1
  366 1
  367 1
  368 1
  369 1
  370 1
  371 1
  372 1
  373 1
  374 1
  375 1
  376 1
  377 1
  378 1
  379 1
  380 1
  381 1
  382 1
  383 1
  384 1
  385 1
  386 1
  387 1
  388 1
  389 1
  390 1
  391 1
  392 1
  393 1
  394 1
  395 1
  396 1
  397 1
  398 1
  399 1
  400 1
  401 1
  402 1
  403 1
  404 1
  405 1
  406 1
  407 1
  408 1
  409 1
  410 1
  411 1
  412 1
  413 1
  414 1
  415 1
  416 1
  417 1
  418 1
  419 1
  420 1
  421 1
  422 1
  423 1
  424 1
  425 1
  426 1
  427 1
  428 1
  429 1
  430 1
  431 1
  432 1
  433 1
  434 1
  435 1
  436 1
  437 1
  438 1
  439 1
  440 1
  441 1
  442 1
  443 1
  444 1
  445 1
  446 1
  447 1
  448 1
  449 1
  450 1
  451 1
  452 1
  453 1
  454 1
  455 1
  456 1
  457 1
  458 1
  459 1
  460 1
  461 1
  462 1
  463 1
  464 1
  465 1
  466 1
  467 1
  468 1
  469 1
  470 1
  471 1
  472 1
  473 1
  474 1
  475 1
  476 1
  477 1
  478 1
  479 1
  480 1
  481 1
  482 1
  483 1
  484 1
  485 1
  486 1
  487 1
  488 1
  489 1
  490 1
  491 1
  492 1
  493 1
  494 1
  495 1
  496 1
  497 1
  498 1
  499 1
  500 1
  501 1
  502 1
  503 1
  504 1
  505 1
  506 1
  507 1
  508 1
  509 1
  510 1
  511 1
  512 1
  513 1
  514 1
  515 1
  516 1
  517 1
  518 1
  519 1
  520 1
  521 1
  522 1
  523 1
  524 1
  525 1
  526 1
  527 1
  528 1
  529 1
  530 1
  531 1
  532 1
  533 1
  534 1
  535 1
  536 1
  537 1
  538 1
  539 1
  540 1
  541 1
  542 1
  543 1
  544 1
  545 1
  546 1
  547 1
  548 1
  549 1
  550 1
  551 1
  552 1
  553 1
  554 1
  555 1
  556 1
  557 1
  558 1
  559 1
  560 1
  561 1
  562 1
  563 1
  564 1
  565 1
  566 1
  567 1
  568 1
  569 1
  570 1
  571 1
  572 1
  573 1
  574 1
  575 1
  576 1
  577 1
  578 1
  579 1
  580 1
  581 1
  582 1
  583 1
  584 1
  585 1
  586 1
  587 1
  588 1
  589 1
  590 1
  591 1
  592 1
  593 1
  594 1
  595 1
  596 1
  597 1
  598 1
  599 1
  600 1
  601 1
  602 1
  603 1
  604 1
  605 1
  606 1
  607 1
  608 1
  609 1
  610 1
  611 1
  612 1
  613 1
  614 1
  615 1
  616 1
  617 1
  618 1
  619 1
  620 1
  621 1
  622 1
  623 1
  624 1
  625 1
  626 1
  627 1
  628 1
  629 1
  630 1
  631 1
  632 1
  633 1
  634 1
  635 1
  636 1
  637 1
  638 1
  639 1
  640 1
  641 1
  642 1
  643 1
  644 1
  645 1
  646 1
  647 1
  648 1
  649 1
  650 1
  651 1
  652 1
  653 1
  654 1
  655 1
  656 1
  657 1
  658 1
  659 1
  660 1
  661 1
  662 1
  663 1
  664 1
  665 1
  666 1
  667 1
  668 1
  669 1
  670 1
  671 1
  672 1
  673 1
  674 1
  675 1
  676 1
  677 1
  678 1
  679 1
  680 1
  681 1
  682 1
  683 1
  684 1
  685 1
  686 1
  687 1
  688 1
  689 1
  690 1
  691 1
  692 1
  693 1
  694 1
  695 1
  696 1
  697 1
  698 1
  699 1
  700 1
  701 1
  702 1
  703 1
  704 1
EOF
