VRPTEST 1.0
COMMENT: descr: Modified tsplib for the OBP
COMMENT: Best known objective: 9591.184
COMMENT: Computational time (s): 2337.098235
NAME: c675_1a37
NUM_CAPACITIES: 1
NUM_VISITS: 675
NUM_VEHICLES: 75
CAPACITIES: 6
DATA_SECTION
DEPOTS
  0
  1
VISIT_LOCATION_SECTION
  2 1167
  3 1057
  4 1386
  5 578
  6 399
  7 394
  8 1724
  9 1474
  10 2145
  11 1925
  12 1991
  13 2
  14 428
  15 145
  16 526
  17 1458
  18 648
  19 256
  20 766
  21 1983
  22 495
  23 510
  24 2037
  25 2030
  26 932
  27 1506
  28 1254
  29 1443
  30 1270
  31 1486
  32 1099
  33 2123
  34 1645
  35 577
  36 2053
  37 1514
  38 470
  39 1472
  40 402
  41 1815
  42 1685
  43 1847
  44 202
  45 25
  46 2039
  47 454
  48 130
  49 1288
  50 159
  51 925
  52 588
  53 185
  54 52
  55 142
  56 196
  57 1827
  58 764
  59 1016
  60 39
  61 1233
  62 1732
  63 1416
  64 2066
  65 1531
  66 1615
  67 1707
  68 1363
  69 1118
  70 2046
  71 20
  72 1305
  73 1325
  74 1417
  75 369
  76 677
  77 1772
  78 954
  79 391
  80 297
  81 1369
  82 1317
  83 1499
  84 1840
  85 1778
  86 301
  87 2092
  88 1242
  89 951
  90 530
  91 1070
  92 252
  93 1350
  94 848
  95 1030
  96 2069
  97 2095
  98 2120
  99 1364
  100 1088
  101 500
  102 1366
  103 2170
  104 1227
  105 57
  106 1977
  107 1303
  108 713
  109 921
  110 871
  111 2110
  112 1576
  113 381
  114 170
  115 1750
  116 1526
  117 661
  118 1013
  119 1295
  120 68
  121 1633
  122 266
  123 1927
  124 601
  125 2125
  126 1093
  127 1042
  128 1976
  129 1979
  130 1064
  131 1981
  132 1862
  133 1780
  134 132
  135 876
  136 1452
  137 1860
  138 1596
  139 1744
  140 1491
  141 613
  142 1231
  143 1230
  144 493
  145 422
  146 408
  147 1513
  148 16
  149 1768
  150 1669
  151 565
  152 368
  153 804
  154 2076
  155 1142
  156 1103
  157 2060
  158 1152
  159 1646
  160 119
  161 146
  162 1970
  163 1838
  164 820
  165 603
  166 1525
  167 373
  168 1484
  169 1870
  170 851
  171 209
  172 447
  173 1972
  174 2158
  175 1049
  176 1904
  177 1565
  178 1329
  179 1924
  180 1675
  181 1846
  182 2010
  183 975
  184 1161
  185 1731
  186 1752
  187 2035
  188 977
  189 1736
  190 224
  191 1691
  192 945
  193 1885
  194 1703
  195 1110
  196 1665
  197 298
  198 1653
  199 1547
  200 1330
  201 275
  202 353
  203 58
  204 1336
  205 801
  206 842
  207 1415
  208 36
  209 1180
  210 802
  211 1705
  212 148
  213 678
  214 798
  215 2045
  216 680
  217 642
  218 634
  219 2149
  220 212
  221 1236
  222 1399
  223 1311
  224 596
  225 1380
  226 74
  227 1462
  228 1662
  229 1746
  230 807
  231 1280
  232 2075
  233 1212
  234 1419
  235 1721
  236 1756
  237 1545
  238 1164
  239 2132
  240 437
  241 1187
  242 796
  243 838
  244 238
  245 21
  246 487
  247 1810
  248 1816
  249 1373
  250 1075
  251 1680
  252 1059
  253 230
  254 890
  255 338
  256 818
  257 1423
  258 153
  259 225
  260 1010
  261 1023
  262 1811
  263 77
  264 1361
  265 579
  266 1943
  267 507
  268 1800
  269 1178
  270 1783
  271 331
  272 161
  273 1150
  274 1939
  275 1249
  276 941
  277 2094
  278 774
  279 1009
  280 1133
  281 1331
  282 49
  283 1007
  284 336
  285 290
  286 488
  287 536
  288 2073
  289 1524
  290 1886
  291 1456
  292 1132
  293 927
  294 2052
  295 421
  296 282
  297 1080
  298 1894
  299 531
  300 957
  301 1517
  302 477
  303 229
  304 1682
  305 893
  306 1884
  307 1435
  308 2126
  309 687
  310 505
  311 490
  312 877
  313 1393
  314 1896
  315 1795
  316 1639
  317 1919
  318 1223
  319 1335
  320 561
  321 1739
  322 251
  323 821
  324 1544
  325 1003
  326 1801
  327 137
  328 1058
  329 133
  330 844
  331 654
  332 1289
  333 1626
  334 1448
  335 344
  336 2072
  337 255
  338 2068
  339 635
  340 288
  341 1390
  342 1067
  343 520
  344 300
  345 1664
  346 1313
  347 872
  348 1839
  349 1587
  350 342
  351 782
  352 1220
  353 2138
  354 911
  355 278
  356 2113
  357 1663
  358 140
  359 1861
  360 743
  361 971
  362 1854
  363 107
  364 1975
  365 478
  366 460
  367 859
  368 324
  369 1552
  370 542
  371 1636
  372 2038
  373 9
  374 2036
  375 1922
  376 961
  377 150
  378 1621
  379 1149
  380 2160
  381 1717
  382 363
  383 854
  384 1616
  385 948
  386 1769
  387 1072
  388 327
  389 857
  390 163
  391 1000
  392 302
  393 1594
  394 1480
  395 139
  396 1278
  397 1832
  398 839
  399 203
  400 1291
  401 136
  402 1673
  403 616
  404 2015
  405 1561
  406 1852
  407 23
  408 1438
  409 1647
  410 1806
  411 1074
  412 795
  413 835
  414 467
  415 1117
  416 47
  417 1355
  418 659
  419 411
  420 2162
  421 905
  422 1300
  423 1986
  424 2025
  425 534
  426 195
  427 749
  428 1213
  429 2165
  430 102
  431 197
  432 979
  433 281
  434 1318
  435 1020
  436 1797
  437 73
  438 1584
  439 867
  440 1952
  441 879
  442 1470
  443 1124
  444 790
  445 1695
  446 832
  447 519
  448 826
  449 574
  450 2013
  451 2055
  452 1104
  453 1229
  454 70
  455 192
  456 1792
  457 1154
  458 1207
  459 90
  460 429
  461 582
  462 522
  463 1298
  464 438
  465 1197
  466 909
  467 42
  468 1712
  469 611
  470 189
  471 38
  472 2150
  473 2147
  474 171
  475 1953
  476 568
  477 1424
  478 541
  479 1543
  480 328
  481 1273
  482 1192
  483 1201
  484 441
  485 126
  486 158
  487 892
  488 15
  489 2024
  490 439
  491 17
  492 1139
  493 1277
  494 741
  495 294
  496 1420
  497 1932
  498 1148
  499 215
  500 257
  501 521
  502 1864
  503 349
  504 760
  505 1308
  506 63
  507 1356
  508 624
  509 169
  510 739
  511 1265
  512 472
  513 1523
  514 1286
  515 1244
  516 1188
  517 1878
  518 1742
  519 789
  520 1066
  521 375
  522 345
  523 1873
  524 1996
  525 1655
  526 1643
  527 667
  528 1590
  529 1294
  530 125
  531 279
  532 94
  533 946
  534 1656
  535 645
  536 1089
  537 1388
  538 479
  539 1630
  540 87
  541 698
  542 1367
  543 791
  544 320
  545 831
  546 1347
  547 1844
  548 1238
  549 1195
  550 1353
  551 371
  552 1791
  553 1398
  554 1564
  555 513
  556 517
  557 2043
  558 191
  559 730
  560 898
  561 1726
  562 1477
  563 404
  564 1813
  565 1297
  566 883
  567 767
  568 496
  569 246
  570 1611
  571 306
  572 417
  573 1741
  574 676
  575 878
  576 7
  577 1436
  578 22
  579 762
  580 1084
  581 397
  582 1865
  583 446
  584 865
  585 1450
  586 2008
  587 1757
  588 29
  589 1818
  590 1676
  591 1196
  592 59
  593 605
  594 313
  595 731
  596 1041
  597 34
  598 1666
  599 1549
  600 2086
  601 1901
  602 823
  603 499
  604 1784
  605 213
  606 770
  607 1504
  608 66
  609 2136
  610 1908
  611 88
  612 50
  613 1476
  614 970
  615 64
  616 1533
  617 881
  618 1776
  619 1228
  620 2047
  621 1063
  622 1185
  623 1235
  624 8
  625 1863
  626 1337
  627 1431
  628 1495
  629 1954
  630 1755
  631 1538
  632 403
  633 1169
  634 1831
  635 666
  636 1989
  637 1558
  638 584
  639 1405
  640 886
  641 688
  642 754
  643 186
  644 685
  645 1935
  646 705
  647 1272
  648 847
  649 358
  650 456
  651 1179
  652 1488
  653 1131
  654 418
  655 1754
  656 570
  657 1650
  658 1823
  659 1005
  660 675
  661 10
  662 1765
  663 486
  664 1374
  665 1033
  666 2009
  667 1261
  668 744
  669 562
COMMENT: TIMESTEP: 1
ORDERS_SECTION
  1 2
  2 3
  3 4 5
  4 6
  5 7
  6 8 9
  7 10 11
  8 12 13
  9 14
  10 15 16
  11 17 18
  12 19
  13 20
  14 21
  15 22
  16 23 24
  17 25
  18 26 27
  19 28
  20 29
  21 30 31
  22 32
  23 33 34 327
  24 35
  25 36
  26 37 38
  27 39 40
  28 41
  29 42
  30 43 44
  31 45
  32 46
  33 47
  34 48 49
  35 50
  36 51 52
  37 53
  38 54
  39 55
  40 56 57
  41 58 59
  42 60 61
  43 62
  44 63
  45 64 65
  46 66 67
  47 68 69
  48 70 71
  49 72 73
  50 74 75
  51 76
  52 77
  53 78
  54 79
  55 80 81
  56 82 83
  57 84 85
  58 86
  59 87 88
  60 89
  61 90 91
  62 92
  63 93
  64 94 95
  65 96
  66 97 98
  67 99 100
  68 101
  69 102 103
  70 104 105
  71 106
  72 107
  73 108 109
  74 110 111
  75 112 113
  76 114
  77 115 116
  78 117 118
  79 119 120
  80 121
  81 122 123
  82 124 125
  83 126 127
  84 128 129
  85 130 131
  86 132
  87 133
  88 134
  89 135
  90 136
  91 137 138
  92 139
  93 140
  94 141 142
  95 143
  96 144 145
  97 146
  98 147
  99 148
  100 149 150
  101 151 152
  102 153 154
  103 155
  104 156 157
  105 158 159
  106 160 161
  107 162
  108 163 256
  109 164
  110 165
  111 166
  112 167
  113 168
  114 169
  115 170 171
  116 172
  117 173 174
  118 175 176
  119 177 178
  120 179 180
  121 181
  122 182
  123 183 184
  124 185 186 603
  125 187 188
  126 189 190
  127 191
  128 192 193
  129 194
  130 195 196
  131 197 198
  132 199
  133 200
  134 201 202
  135 203 204
  136 205 206
  137 207 208
  138 209
  139 210
  140 211
  141 212 213
  142 214 215
  143 216
  144 217 218
  145 219 220
  146 221
  147 222 223
  148 224
  149 225 226
  150 227
  151 228
  152 229 230
  153 231
  154 232
  155 233
  156 234 235
  157 236 237
  158 238
  159 239 240
  160 241 242
  161 243 244
  162 245
  163 246 247
  164 248
  165 249
  166 250
  167 251
  168 252 253
  169 254
  170 255
  171 256
  172 257
  173 258
  174 259 260
  175 261 262
  176 263 264
  177 265 266
  178 267 268
  179 269
  180 270 271
  181 272 273
  182 274
  183 275
  184 276 277
  185 278 279
  186 280 281
  187 282 283
  188 284 285
  189 286
  190 287
  191 288
  192 289
  193 290
  194 291 292
  195 293
  196 294
  197 295
  198 296 297
  199 298
  200 299 300
  201 301
  202 302 303
  203 304
  204 305 306
  205 307 308
  206 309
  207 310
  208 311
  209 312 313
  210 314 315
  211 316 317
  212 318 319
  213 320 321
  214 322 323
  215 324
  216 325
  217 326 327
  218 328
  219 329
  220 330
  221 331 332
  222 333 334
  223 335 336
  224 337 338
  225 339 340
  226 341
  227 342 343
  228 344 345
  229 346 347
  230 348 349
  231 350 351
  232 352 353
  233 354 355
  234 356
  235 357 358
  236 359
  237 360
  238 361 362
  239 363
  240 364 365
  241 366
  242 367
  243 368 369
  244 370
  245 371
  246 372 373
  247 374
  248 375
  249 376 377
  250 378
  251 379
  252 380
  253 381
  254 382
  255 383
  256 384 385
  257 386 387
  258 388 389
  259 390 391
  260 392 393
  261 394
  262 395
  263 396 397
  264 398 399
  265 400
  266 401
  267 402
  268 403
  269 404 405
  270 406
  271 407 408
  272 409 410
  273 411 412
  274 413 414
  275 415 416
  276 417 418
  277 419
  278 420 421
  279 422 423
  280 424
  281 425
  282 426 427
  283 428
  284 429 430
  285 431
  286 432
  287 433 434
  288 435
  289 436
  290 437 438
  291 439 440
  292 441 442
  293 443 444
  294 445 446
  295 447
  296 448
  297 449
  298 450
  299 451 452
  300 453
  301 454 455
  302 456
  303 457 458
  304 459
  305 460 461
  306 462 463
  307 464 465
  308 466
  309 467 468
  310 469 470
  311 471
  312 472
  313 473 474
  314 475 476
  315 477
  316 478
  317 479
  318 480 481
  319 482
  320 483
  321 484
  322 485 486
  323 487 488
  324 489
  325 490 491
  326 492 493
  327 494 495
  328 496 497
  329 498 499
  330 500
  331 501
  332 502 503
  333 504
  334 505
  335 506
  336 507 508
  337 509 510
  338 511
  339 512 513
  340 514 515
  341 516
  342 517
  343 518
  344 519
  345 520
  346 521 522
  347 523 524
  348 525 526
  349 527 528
  350 529 530
  351 531
  352 532 533
  353 534 535
  354 536
  355 537 326
  356 538
  357 539 92
  358 540 541
  359 542
  360 543 544
  361 545 546
  362 547
  363 548 549
  364 550
  365 551 552
  366 553
  367 554
  368 555 556
  369 557
  370 558 559
  371 560
  372 561 562
  373 563 564
  374 565
  375 566
  376 567
  377 568 29
  378 569
  379 570 571
  380 572
  381 573 574
  382 575 576
  383 577
  384 578 579
  385 580
  386 581
  387 582 583
  388 584 585
  389 586
  390 587 588
  391 589 590
  392 591
  393 592
  394 593
  395 594
  396 595 596
  397 597
  398 598 599
  399 600 601 327
  400 602 603
  401 604
  402 605
  403 606
  404 607
  405 608
  406 609 610
  407 611 612
  408 613
  409 614
  410 615 616
  411 617
  412 618
  413 619
  414 620
  415 621 622
  416 623
  417 624
  418 625 626
  419 627 628
  420 629
  421 630 631
  422 632 633
  423 634
  424 635
  425 636 637
  426 638 639
  427 640
  428 641
  429 642 643
  430 644 645
  431 646
  432 647 648
  433 649 650
  434 651 652
  435 653
  436 654 655
  437 656
  438 657 658
  439 659
  440 660
  441 661 662
  442 663
  443 664 665
  444 666 667
  445 668
  446 669
TIME_AVAIL_SECTION
  1 1
  2 1
  3 1
  4 1
  5 1
  6 1
  7 1
  8 1
  9 1
  10 1
  11 1
  12 1
  13 1
  14 1
  15 1
  16 1
  17 1
  18 1
  19 1
  20 1
  21 1
  22 1
  23 1
  24 1
  25 1
  26 1
  27 1
  28 1
  29 1
  30 1
  31 1
  32 1
  33 1
  34 1
  35 1
  36 1
  37 1
  38 1
  39 1
  40 1
  41 1
  42 1
  43 1
  44 1
  45 1
  46 1
  47 1
  48 1
  49 1
  50 1
  51 1
  52 1
  53 1
  54 1
  55 1
  56 1
  57 1
  58 1
  59 1
  60 1
  61 1
  62 1
  63 1
  64 1
  65 1
  66 1
  67 1
  68 1
  69 1
  70 1
  71 1
  72 1
  73 1
  74 1
  75 1
  76 1
  77 1
  78 1
  79 1
  80 1
  81 1
  82 1
  83 1
  84 1
  85 1
  86 1
  87 1
  88 1
  89 1
  90 1
  91 1
  92 1
  93 1
  94 1
  95 1
  96 1
  97 1
  98 1
  99 1
  100 1
  101 1
  102 1
  103 1
  104 1
  105 1
  106 1
  107 1
  108 1
  109 1
  110 1
  111 1
  112 1
  113 1
  114 1
  115 1
  116 1
  117 1
  118 1
  119 1
  120 1
  121 1
  122 1
  123 1
  124 1
  125 1
  126 1
  127 1
  128 1
  129 1
  130 1
  131 1
  132 1
  133 1
  134 1
  135 1
  136 1
  137 1
  138 1
  139 1
  140 1
  141 1
  142 1
  143 1
  144 1
  145 1
  146 1
  147 1
  148 1
  149 1
  150 1
  151 1
  152 1
  153 1
  154 1
  155 1
  156 1
  157 1
  158 1
  159 1
  160 1
  161 1
  162 1
  163 1
  164 1
  165 1
  166 1
  167 1
  168 1
  169 1
  170 1
  171 1
  172 1
  173 1
  174 1
  175 1
  176 1
  177 1
  178 1
  179 1
  180 1
  181 1
  182 1
  183 1
  184 1
  185 1
  186 1
  187 1
  188 1
  189 1
  190 1
  191 1
  192 1
  193 1
  194 1
  195 1
  196 1
  197 1
  198 1
  199 1
  200 1
  201 1
  202 1
  203 1
  204 1
  205 1
  206 1
  207 1
  208 1
  209 1
  210 1
  211 1
  212 1
  213 1
  214 1
  215 1
  216 1
  217 1
  218 1
  219 1
  220 1
  221 1
  222 1
  223 1
  224 1
  225 1
  226 1
  227 1
  228 1
  229 1
  230 1
  231 1
  232 1
  233 1
  234 1
  235 1
  236 1
  237 1
  238 1
  239 1
  240 1
  241 1
  242 1
  243 1
  244 1
  245 1
  246 1
  247 1
  248 1
  249 1
  250 1
  251 1
  252 1
  253 1
  254 1
  255 1
  256 1
  257 1
  258 1
  259 1
  260 1
  261 1
  262 1
  263 1
  264 1
  265 1
  266 1
  267 1
  268 1
  269 1
  270 1
  271 1
  272 1
  273 1
  274 1
  275 1
  276 1
  277 1
  278 1
  279 1
  280 1
  281 1
  282 1
  283 1
  284 1
  285 1
  286 1
  287 1
  288 1
  289 1
  290 1
  291 1
  292 1
  293 1
  294 1
  295 1
  296 1
  297 1
  298 1
  299 1
  300 1
  301 1
  302 1
  303 1
  304 1
  305 1
  306 1
  307 1
  308 1
  309 1
  310 1
  311 1
  312 1
  313 1
  314 1
  315 1
  316 1
  317 1
  318 1
  319 1
  320 1
  321 1
  322 1
  323 1
  324 1
  325 1
  326 1
  327 1
  328 1
  329 1
  330 1
  331 1
  332 1
  333 1
  334 1
  335 1
  336 1
  337 1
  338 1
  339 1
  340 1
  341 1
  342 1
  343 1
  344 1
  345 1
  346 1
  347 1
  348 1
  349 1
  350 1
  351 1
  352 1
  353 1
  354 1
  355 1
  356 1
  357 1
  358 1
  359 1
  360 1
  361 1
  362 1
  363 1
  364 1
  365 1
  366 1
  367 1
  368 1
  369 1
  370 1
  371 1
  372 1
  373 1
  374 1
  375 1
  376 1
  377 1
  378 1
  379 1
  380 1
  381 1
  382 1
  383 1
  384 1
  385 1
  386 1
  387 1
  388 1
  389 1
  390 1
  391 1
  392 1
  393 1
  394 1
  395 1
  396 1
  397 1
  398 1
  399 1
  400 1
  401 1
  402 1
  403 1
  404 1
  405 1
  406 1
  407 1
  408 1
  409 1
  410 1
  411 1
  412 1
  413 1
  414 1
  415 1
  416 1
  417 1
  418 1
  419 1
  420 1
  421 1
  422 1
  423 1
  424 1
  425 1
  426 1
  427 1
  428 1
  429 1
  430 1
  431 1
  432 1
  433 1
  434 1
  435 1
  436 1
  437 1
  438 1
  439 1
  440 1
  441 1
  442 1
  443 1
  444 1
  445 1
  446 1
EOF
