VRPTEST 1.0
COMMENT: descr: Modified tsplib for the OBP
COMMENT: Best known objective: 2907.824
COMMENT: Computational time (s): 1441.841797
NAME: c555_215a
NUM_CAPACITIES: 1
NUM_VISITS: 555
NUM_VEHICLES: 12
CAPACITIES: 30
DATA_SECTION
DEPOTS
  0
  1
VISIT_LOCATION_SECTION
  2 1888
  3 790
  4 1379
  5 658
  6 986
  7 356
  8 1928
  9 350
  10 39
  11 1765
  12 1861
  13 1792
  14 1015
  15 342
  16 1658
  17 18
  18 1584
  19 1672
  20 1637
  21 1616
  22 2040
  23 74
  24 479
  25 1969
  26 126
  27 339
  28 1905
  29 777
  30 1786
  31 614
  32 336
  33 642
  34 241
  35 521
  36 600
  37 620
  38 1100
  39 594
  40 353
  41 1965
  42 1077
  43 1084
  44 290
  45 1702
  46 880
  47 1435
  48 238
  49 800
  50 1865
  51 1234
  52 1324
  53 2050
  54 1004
  55 785
  56 1579
  57 1088
  58 1482
  59 498
  60 66
  61 1010
  62 2121
  63 517
  64 2012
  65 1238
  66 2057
  67 1434
  68 1220
  69 1054
  70 892
  71 781
  72 42
  73 1142
  74 425
  75 1235
  76 968
  77 1560
  78 220
  79 934
  80 1713
  81 669
  82 257
  83 1086
  84 1093
  85 1576
  86 2118
  87 2049
  88 688
  89 2158
  90 1646
  91 851
  92 829
  93 577
  94 1937
  95 886
  96 1289
  97 324
  98 1308
  99 1108
  100 1497
  101 1881
  102 467
  103 1580
  104 1762
  105 36
  106 1498
  107 43
  108 1048
  109 1636
  110 1678
  111 1857
  112 1524
  113 457
  114 1687
  115 1849
  116 1694
  117 1099
  118 73
  119 1531
  120 124
  121 344
  122 397
  123 1242
  124 1817
  125 550
  126 1179
  127 786
  128 1779
  129 1848
  130 71
  131 472
  132 959
  133 1104
  134 1189
  135 1366
  136 634
  137 2072
  138 1656
  139 1526
  140 430
  141 1299
  142 1797
  143 234
  144 1322
  145 967
  146 128
  147 299
  148 1547
  149 1334
  150 1854
  151 2021
  152 1265
  153 1398
  154 48
  155 770
  156 1595
  157 561
  158 609
  159 196
  160 2007
  161 116
  162 1331
  163 1811
  164 559
  165 1124
  166 1622
  167 200
  168 329
  169 1601
  170 1549
  171 812
  172 16
  173 1152
  174 1663
  175 853
  176 1763
  177 79
  178 927
  179 1559
  180 1875
  181 307
  182 758
  183 1828
  184 383
  185 203
  186 644
  187 871
  188 1175
  189 186
  190 1202
  191 159
  192 1186
  193 1020
  194 1795
  195 1541
  196 1367
  197 365
  198 852
  199 1095
  200 1081
  201 999
  202 592
  203 537
  204 1994
  205 778
  206 964
  207 881
  208 1886
  209 1211
  210 1525
  211 588
  212 528
  213 110
  214 1465
  215 137
  216 1932
  217 1651
  218 2066
  219 1467
  220 830
  221 52
  222 202
  223 2108
  224 1259
  225 1057
  226 153
  227 1726
  228 428
  229 182
  230 394
  231 1778
  232 2117
  233 119
  234 1582
  235 534
  236 1871
  237 1059
  238 2101
  239 1310
  240 218
  241 544
  242 150
  243 1813
  244 1387
  245 1852
  246 1736
  247 767
  248 1996
  249 2043
  250 685
  251 684
  252 804
  253 1487
  254 1772
  255 1680
  256 868
  257 1562
  258 139
  259 1452
  260 1838
  261 26
  262 160
  263 645
  264 1926
  265 106
  266 1782
  267 122
  268 478
  269 505
  270 1904
  271 913
  272 2170
  273 895
  274 1929
  275 966
  276 1501
  277 461
  278 745
  279 1563
  280 724
  281 1168
  282 2039
  283 1490
  284 1344
  285 1930
  286 1447
  287 906
  288 1971
  289 452
  290 1820
  291 1012
  292 1383
  293 1545
  294 192
  295 1380
  296 1491
  297 985
  298 1371
  299 415
  300 143
  301 1160
  302 1700
  303 1295
  304 1794
  305 1422
  306 1378
  307 449
  308 1333
  309 875
  310 661
  311 1360
  312 1368
  313 1657
  314 675
  315 2070
  316 407
  317 1385
  318 1941
  319 697
  320 832
  321 314
  322 1850
  323 2073
  324 783
  325 1113
  326 404
  327 1402
  328 2127
  329 1883
  330 856
  331 176
  332 569
  333 1258
  334 1494
  335 1213
  336 301
  337 641
  338 2027
  339 1286
  340 1031
  341 1804
  342 1013
  343 2029
  344 2032
  345 1060
  346 924
  347 1352
  348 1305
  349 1967
  350 514
  351 568
  352 1913
  353 189
  354 1564
  355 1297
  356 1478
  357 1749
  358 1528
  359 793
  360 204
  361 2141
  362 77
  363 1267
  364 1975
  365 1384
  366 677
  367 809
  368 1604
  369 1696
  370 823
  371 184
  372 1119
  373 1799
  374 380
  375 1733
  376 746
  377 965
  378 102
  379 395
  380 1575
  381 1466
  382 1626
  383 1839
  384 700
  385 2089
  386 938
  387 1907
  388 287
  389 597
  390 1092
  391 1178
  392 134
  393 1833
  394 1133
  395 798
  396 1457
  397 935
  398 1488
  399 406
  400 813
  401 1649
  402 1695
  403 282
  404 1827
  405 945
  406 2086
  407 1107
  408 1730
  409 1052
  410 416
  411 904
  412 1962
  413 1734
  414 1558
  415 1884
  416 1477
  417 414
  418 231
  419 1878
  420 1858
  421 157
  422 490
  423 838
  424 1844
  425 1712
  426 265
  427 1720
  428 947
  429 1504
  430 1539
  431 319
  432 1746
  433 1640
  434 2018
  435 821
  436 474
  437 2015
  438 529
  439 1292
  440 123
  441 572
  442 1892
  443 1106
  444 435
  445 1358
  446 1207
  447 499
  448 226
  449 1173
  450 2085
  451 173
  452 440
  453 1785
  454 402
  455 950
  456 421
  457 1464
  458 401
  459 581
  460 632
  461 1737
  462 929
  463 954
  464 2095
  465 1165
  466 814
  467 1244
  468 223
  469 708
  470 1285
  471 259
  472 1110
  473 285
  474 1078
  475 624
  476 1105
  477 1070
  478 531
  479 1302
  480 941
  481 1041
  482 1544
  483 1674
  484 762
  485 2074
  486 239
  487 1443
  488 483
  489 2159
  490 463
  491 1760
  492 949
  493 1483
  494 492
  495 2079
  496 1793
  497 1294
  498 249
  499 1774
  500 477
  501 198
COMMENT: TIMESTEP: 1
ORDERS_SECTION
  1 2
  2 3 4
  3 5
  4 6 7
  5 8 9
  6 10 11
  7 12
  8 13
  9 14 15
  10 16 17
  11 18
  12 19 20
  13 21 22
  14 23 24 56 12
  15 25
  16 26 27 38
  17 28
  18 29
  19 30 31
  20 32
  21 33 34
  22 35
  23 36 48
  24 37
  25 38 39 324
  26 40 41
  27 42 194
  28 43
  29 44 45
  30 46
  31 47
  32 48 49
  33 50
  34 51 52
  35 53 54
  36 55
  37 56 57
  38 58 59
  39 60 61 366 260
  40 62 132
  41 63 64
  42 65 66
  43 67 68
  44 69 70
  45 71 72
  46 73 74
  47 75
  48 76 77
  49 78 79 452
  50 80
  51 81 82
  52 83 333
  53 84
  54 85
  55 86 87
  56 88
  57 89 90
  58 91
  59 92
  60 93 186
  61 94 95
  62 96
  63 97
  64 98
  65 99 100
  66 101 332
  67 102 103
  68 104 105
  69 106 107
  70 108 441
  71 109 110
  72 111 112 401
  73 113
  74 114 115 308
  75 116
  76 117
  77 118
  78 119
  79 120 121
  80 122 123
  81 124
  82 125
  83 126
  84 127 128
  85 129 348
  86 130
  87 131
  88 132
  89 133 134
  90 135 136
  91 137
  92 138 139
  93 140 382
  94 141 142
  95 143
  96 144 481
  97 145 146
  98 147 108
  99 148 149
  100 150 151
  101 152
  102 153
  103 154 155
  104 156
  105 157
  106 158 159
  107 160
  108 161 162
  109 163 164
  110 165 166
  111 167 168
  112 169
  113 170 171
  114 172 173 36
  115 174 175
  116 176
  117 177 178
  118 179
  119 180 181
  120 182
  121 183
  122 184
  123 185 342 101
  124 186
  125 187
  126 188 189
  127 190
  128 191
  129 192 193
  130 194 352
  131 195 196
  132 197 198 5
  133 199
  134 200 201
  135 202 421
  136 203 204
  137 205 206 127
  138 207
  139 208
  140 209
  141 210 211 179
  142 212 213 310
  143 214
  144 215 377
  145 216
  146 217
  147 218 219
  148 220
  149 221
  150 222
  151 223 224
  152 225 226 72
  153 227 228
  154 229 308
  155 230
  156 231
  157 232 233
  158 234 235
  159 236 237
  160 238 239
  161 240
  162 241 242
  163 243
  164 244
  165 245 246
  166 247 271
  167 248
  168 249
  169 250
  170 251
  171 252
  172 253 254 87
  173 255 256
  174 257
  175 258
  176 259
  177 260
  178 261
  179 262 263
  180 264 265
  181 266
  182 267 170
  183 268 269
  184 270
  185 271
  186 272 273 399
  187 274 275
  188 276 277
  189 278 279
  190 280 281
  191 282
  192 283 284
  193 285
  194 286
  195 287 288
  196 289
  197 290 291
  198 292
  199 293 294
  200 295
  201 296
  202 297 298
  203 299 300
  204 301
  205 302 303
  206 304
  207 305 306
  208 307 127
  209 308
  210 309 310
  211 311 312
  212 313 314 391
  213 315 316
  214 317 55
  215 318 319
  216 320
  217 321
  218 322 323
  219 324
  220 325 326
  221 327 328 144
  222 329 330
  223 331
  224 332
  225 333 334
  226 335 336
  227 337 415
  228 338
  229 339 340
  230 341
  231 342 343
  232 344 345
  233 346
  234 347
  235 348 349
  236 350 351
  237 352 259
  238 353 354
  239 355 356
  240 357 358
  241 359 360
  242 361 362
  243 363 286
  244 364 365
  245 366
  246 367 368 364
  247 369 370
  248 371
  249 372
  250 373
  251 374
  252 375 376
  253 377
  254 378 379
  255 380 381
  256 382
  257 383 384
  258 385
  259 386 387
  260 388
  261 389
  262 390 391
  263 392 462 156
  264 393 394
  265 395 396
  266 397 398
  267 399
  268 400 297
  269 401
  270 402 403
  271 404
  272 405
  273 406
  274 407 408
  275 409 410
  276 411 412
  277 413 12
  278 414
  279 415 416
  280 417
  281 418 194 493
  282 419 420
  283 421 422
  284 423 424
  285 425
  286 426 427
  287 428 429
  288 430
  289 431
  290 432
  291 433 434
  292 435
  293 436 437
  294 438 439
  295 440
  296 441
  297 442 324
  298 443
  299 444 445
  300 446
  301 447
  302 448 449
  303 450 5
  304 451
  305 452
  306 453 454 251
  307 455
  308 456 457
  309 458 459
  310 460 461
  311 462 463
  312 464 465
  313 466 467 361
  314 468 469
  315 470 471
  316 472 473
  317 474
  318 475
  319 476 477
  320 478
  321 479
  322 480 481
  323 482 483
  324 484
  325 485 486
  326 487 488
  327 489 490
  328 491
  329 492 493
  330 494
  331 495 496
  332 497
  333 498 499 9
  334 500
  335 501
TIME_AVAIL_SECTION
  1 1
  2 1
  3 1
  4 1
  5 1
  6 1
  7 1
  8 1
  9 1
  10 1
  11 1
  12 1
  13 1
  14 1
  15 1
  16 1
  17 1
  18 1
  19 1
  20 1
  21 1
  22 1
  23 1
  24 1
  25 1
  26 1
  27 1
  28 1
  29 1
  30 1
  31 1
  32 1
  33 1
  34 1
  35 1
  36 1
  37 1
  38 1
  39 1
  40 1
  41 1
  42 1
  43 1
  44 1
  45 1
  46 1
  47 1
  48 1
  49 1
  50 1
  51 1
  52 1
  53 1
  54 1
  55 1
  56 1
  57 1
  58 1
  59 1
  60 1
  61 1
  62 1
  63 1
  64 1
  65 1
  66 1
  67 1
  68 1
  69 1
  70 1
  71 1
  72 1
  73 1
  74 1
  75 1
  76 1
  77 1
  78 1
  79 1
  80 1
  81 1
  82 1
  83 1
  84 1
  85 1
  86 1
  87 1
  88 1
  89 1
  90 1
  91 1
  92 1
  93 1
  94 1
  95 1
  96 1
  97 1
  98 1
  99 1
  100 1
  101 1
  102 1
  103 1
  104 1
  105 1
  106 1
  107 1
  108 1
  109 1
  110 1
  111 1
  112 1
  113 1
  114 1
  115 1
  116 1
  117 1
  118 1
  119 1
  120 1
  121 1
  122 1
  123 1
  124 1
  125 1
  126 1
  127 1
  128 1
  129 1
  130 1
  131 1
  132 1
  133 1
  134 1
  135 1
  136 1
  137 1
  138 1
  139 1
  140 1
  141 1
  142 1
  143 1
  144 1
  145 1
  146 1
  147 1
  148 1
  149 1
  150 1
  151 1
  152 1
  153 1
  154 1
  155 1
  156 1
  157 1
  158 1
  159 1
  160 1
  161 1
  162 1
  163 1
  164 1
  165 1
  166 1
  167 1
  168 1
  169 1
  170 1
  171 1
  172 1
  173 1
  174 1
  175 1
  176 1
  177 1
  178 1
  179 1
  180 1
  181 1
  182 1
  183 1
  184 1
  185 1
  186 1
  187 1
  188 1
  189 1
  190 1
  191 1
  192 1
  193 1
  194 1
  195 1
  196 1
  197 1
  198 1
  199 1
  200 1
  201 1
  202 1
  203 1
  204 1
  205 1
  206 1
  207 1
  208 1
  209 1
  210 1
  211 1
  212 1
  213 1
  214 1
  215 1
  216 1
  217 1
  218 1
  219 1
  220 1
  221 1
  222 1
  223 1
  224 1
  225 1
  226 1
  227 1
  228 1
  229 1
  230 1
  231 1
  232 1
  233 1
  234 1
  235 1
  236 1
  237 1
  238 1
  239 1
  240 1
  241 1
  242 1
  243 1
  244 1
  245 1
  246 1
  247 1
  248 1
  249 1
  250 1
  251 1
  252 1
  253 1
  254 1
  255 1
  256 1
  257 1
  258 1
  259 1
  260 1
  261 1
  262 1
  263 1
  264 1
  265 1
  266 1
  267 1
  268 1
  269 1
  270 1
  271 1
  272 1
  273 1
  274 1
  275 1
  276 1
  277 1
  278 1
  279 1
  280 1
  281 1
  282 1
  283 1
  284 1
  285 1
  286 1
  287 1
  288 1
  289 1
  290 1
  291 1
  292 1
  293 1
  294 1
  295 1
  296 1
  297 1
  298 1
  299 1
  300 1
  301 1
  302 1
  303 1
  304 1
  305 1
  306 1
  307 1
  308 1
  309 1
  310 1
  311 1
  312 1
  313 1
  314 1
  315 1
  316 1
  317 1
  318 1
  319 1
  320 1
  321 1
  322 1
  323 1
  324 1
  325 1
  326 1
  327 1
  328 1
  329 1
  330 1
  331 1
  332 1
  333 1
  334 1
  335 1
EOF
