VRPTEST 1.0
COMMENT: descr: Modified tsplib for the OBP
COMMENT: Best known objective: 1438.701
COMMENT: Computational time (s): 86.57189000000001
NAME: c238_cf13
NUM_CAPACITIES: 1
NUM_VISITS: 238
NUM_VEHICLES: 6
CAPACITIES: 25
DATA_SECTION
DEPOTS
  0
  1
VISIT_LOCATION_SECTION
  2 967
  3 1482
  4 561
  5 1908
  6 911
  7 465
  8 324
  9 341
  10 928
  11 1792
  12 1546
  13 1180
  14 1793
  15 153
  16 1595
  17 252
  18 1272
  19 1860
  20 1755
  21 1816
  22 1083
  23 681
  24 1649
  25 466
  26 296
  27 275
  28 1363
  29 1552
  30 1570
  31 1731
  32 290
  33 1698
  34 488
  35 326
  36 1389
  37 548
  38 1235
  39 1080
  40 1450
  41 1174
  42 1032
  43 1490
  44 1993
  45 2087
  46 1585
  47 1606
  48 266
  49 1405
  50 1854
  51 447
  52 1315
  53 598
  54 1039
  55 1782
  56 748
  57 484
  58 39
  59 137
  60 955
  61 894
  62 160
  63 945
  64 1655
  65 1821
  66 691
  67 1945
  68 1399
  69 170
  70 1167
  71 234
  72 2105
  73 1897
  74 1626
  75 1963
  76 464
  77 882
  78 1901
  79 1789
  80 824
  81 1811
  82 2162
  83 149
  84 1476
  85 1131
  86 357
  87 2075
  88 1622
  89 426
  90 1947
  91 362
  92 364
  93 1009
  94 706
  95 342
  96 1035
  97 608
  98 277
  99 527
  100 113
  101 1676
  102 1994
  103 663
  104 776
  105 2120
  106 946
  107 930
  108 952
  109 496
  110 758
  111 574
  112 2084
  113 1791
  114 1238
  115 749
  116 1591
  117 38
  118 1294
  119 365
  120 1709
  121 1040
  122 837
  123 774
  124 1643
  125 1112
  126 81
  127 1391
  128 619
  129 728
  130 1259
  131 360
  132 380
  133 1275
  134 422
  135 2118
  136 1890
  137 1526
  138 1186
  139 1105
  140 1948
  141 1995
  142 1992
  143 1619
  144 1677
  145 727
  146 1488
  147 347
  148 1084
  149 2017
  150 1443
  151 1462
  152 259
  153 1394
  154 1042
  155 1460
  156 597
  157 710
  158 2052
  159 1339
  160 1927
  161 2113
  162 662
  163 1110
  164 1872
  165 1411
  166 406
  167 2085
  168 1810
  169 223
  170 2068
  171 246
  172 1764
  173 1041
  174 1702
  175 687
  176 256
  177 2066
  178 1441
  179 1025
  180 1970
  181 1582
  182 904
  183 713
  184 1316
  185 1262
  186 420
  187 881
  188 1830
  189 1691
  190 1657
  191 230
  192 2168
  193 368
  194 1179
  195 777
  196 2024
  197 806
  198 165
  199 327
  200 1586
  201 375
  202 1143
  203 1820
  204 635
  205 1163
  206 2138
  207 957
  208 1656
  209 927
  210 319
  211 2082
  212 875
  213 1102
  214 152
  215 325
  216 1118
  217 1486
  218 1505
  219 1661
  220 1431
  221 1261
  222 1664
  223 921
  224 537
  225 1289
  226 532
  227 640
COMMENT: TIMESTEP: 1
ORDERS_SECTION
  1 2
  2 3
  3 4
  4 5 182
  5 6 7
  6 8
  7 9 10
  8 11
  9 12 13
  10 14 38
  11 15 16
  12 17 18 173
  13 19 20 173
  14 21 22
  15 23 24
  16 25 26
  17 27 28
  18 29
  19 30 31
  20 32 33
  21 34 35
  22 36 37
  23 38
  24 39
  25 40
  26 41
  27 42 43
  28 44 45
  29 46 47
  30 48 49
  31 50
  32 51
  33 52 53
  34 54 55
  35 56 57 93
  36 58 59
  37 60 61
  38 62 63
  39 64
  40 65
  41 66 67
  42 68
  43 69 70
  44 71 72
  45 73 74
  46 75
  47 76 77
  48 78 79
  49 80 81
  50 82 83
  51 84 85
  52 86 87
  53 88
  54 89 90
  55 91 92
  56 93
  57 94 95
  58 96 97
  59 98
  60 99 100
  61 101 102
  62 103
  63 104 105
  64 106 107
  65 108 109
  66 110 111
  67 112
  68 113
  69 114 115
  70 116
  71 117 118 150
  72 119 120
  73 121 122
  74 123
  75 124
  76 125 126 164
  77 127
  78 128 129
  79 130 131
  80 132 133
  81 134
  82 135 136
  83 137
  84 138
  85 139 140
  86 141 142
  87 143 144
  88 145
  89 146
  90 147
  91 148 149
  92 150
  93 151 152
  94 153
  95 154 80
  96 155 156
  97 157 158
  98 159
  99 160 161 142
  100 162 163
  101 164 165
  102 166 167
  103 168
  104 169 170
  105 171 172
  106 173 14
  107 174 175
  108 176 177
  109 178 179
  110 180 181
  111 182
  112 183 184
  113 185 186
  114 187 188
  115 189
  116 190
  117 191
  118 192
  119 193 194
  120 195 196
  121 197 198
  122 198
  123 199
  124 200 201
  125 202 203
  126 204
  127 205 206
  128 207 208
  129 209
  130 210
  131 211
  132 212
  133 213 214
  134 215 216
  135 217
  136 218 219 2
  137 220
  138 221 222
  139 223 224
  140 225 226
  141 227
TIME_AVAIL_SECTION
  1 1
  2 1
  3 1
  4 1
  5 1
  6 1
  7 1
  8 1
  9 1
  10 1
  11 1
  12 1
  13 1
  14 1
  15 1
  16 1
  17 1
  18 1
  19 1
  20 1
  21 1
  22 1
  23 1
  24 1
  25 1
  26 1
  27 1
  28 1
  29 1
  30 1
  31 1
  32 1
  33 1
  34 1
  35 1
  36 1
  37 1
  38 1
  39 1
  40 1
  41 1
  42 1
  43 1
  44 1
  45 1
  46 1
  47 1
  48 1
  49 1
  50 1
  51 1
  52 1
  53 1
  54 1
  55 1
  56 1
  57 1
  58 1
  59 1
  60 1
  61 1
  62 1
  63 1
  64 1
  65 1
  66 1
  67 1
  68 1
  69 1
  70 1
  71 1
  72 1
  73 1
  74 1
  75 1
  76 1
  77 1
  78 1
  79 1
  80 1
  81 1
  82 1
  83 1
  84 1
  85 1
  86 1
  87 1
  88 1
  89 1
  90 1
  91 1
  92 1
  93 1
  94 1
  95 1
  96 1
  97 1
  98 1
  99 1
  100 1
  101 1
  102 1
  103 1
  104 1
  105 1
  106 1
  107 1
  108 1
  109 1
  110 1
  111 1
  112 1
  113 1
  114 1
  115 1
  116 1
  117 1
  118 1
  119 1
  120 1
  121 1
  122 1
  123 1
  124 1
  125 1
  126 1
  127 1
  128 1
  129 1
  130 1
  131 1
  132 1
  133 1
  134 1
  135 1
  136 1
  137 1
  138 1
  139 1
  140 1
  141 1
EOF
