VRPTEST 1.0
COMMENT: descr: Modified tsplib for the OBP
COMMENT: Best known objective: 9228.305
COMMENT: Computational time (s): 874.5947249999999
NAME: c1844_3eec
NUM_CAPACITIES: 1
NUM_VISITS: 1844
NUM_VEHICLES: 30
CAPACITIES: 26
DATA_SECTION
DEPOTS
  0
  1
VISIT_LOCATION_SECTION
  2 616
  3 1342
  4 1257
  5 1938
  6 342
  7 2169
  8 802
  9 863
  10 2043
  11 123
  12 363
  13 603
  14 106
  15 2132
  16 1888
  17 240
  18 1877
  19 1054
  20 867
  21 1254
  22 67
  23 47
  24 1530
  25 148
  26 1913
  27 532
  28 307
  29 197
  30 2071
  31 1241
  32 1296
  33 1560
  34 1172
  35 1868
  36 624
  37 1952
  38 478
  39 345
  40 599
  41 921
  42 1218
  43 122
  44 680
  45 326
  46 1617
  47 1330
  48 647
  49 2134
  50 1976
  51 1267
  52 86
  53 1815
  54 2110
  55 1118
  56 752
  57 1020
  58 1056
  59 2144
  60 1481
  61 1148
  62 581
  63 686
  64 133
  65 886
  66 1752
  67 512
  68 270
  69 568
  70 765
  71 256
  72 781
  73 1286
  74 1011
  75 938
  76 1753
  77 1366
  78 1472
  79 1032
  80 1095
  81 2163
  82 1338
  83 743
  84 2001
  85 1163
  86 1052
  87 531
  88 1926
  89 847
  90 997
  91 1467
  92 403
  93 228
  94 1978
  95 1308
  96 630
  97 386
  98 299
  99 1010
  100 45
  101 2020
  102 528
  103 1101
  104 1982
  105 1471
  106 429
  107 1491
  108 1863
  109 408
  110 1117
  111 234
  112 996
  113 311
  114 145
  115 2135
  116 124
  117 1332
  118 513
  119 1352
  120 137
  121 1041
  122 956
  123 608
  124 2116
  125 1995
  126 108
  127 1577
  128 182
  129 1754
  130 306
  131 572
  132 622
  133 1386
  134 1865
  135 1993
  136 542
  137 1886
  138 1864
  139 578
  140 119
  141 1443
  142 701
  143 522
  144 1528
  145 1303
  146 1639
  147 2032
  148 380
  149 302
  150 684
  151 577
  152 2145
  153 1129
  154 1915
  155 1501
  156 15
  157 1604
  158 742
  159 1161
  160 1173
  161 260
  162 1483
  163 1774
  164 1943
  165 804
  166 1809
  167 369
  168 24
  169 2160
  170 1919
  171 1669
  172 1653
  173 864
  174 1893
  175 998
  176 650
  177 1403
  178 1217
  179 77
  180 1750
  181 1243
  182 329
  183 737
  184 1455
  185 292
  186 1784
  187 738
  188 1524
  189 731
  190 172
  191 766
  192 1882
  193 1169
  194 1850
  195 1367
  196 1260
  197 1765
  198 117
  199 2149
  200 1666
  201 1464
  202 44
  203 41
  204 319
  205 1079
  206 1543
  207 136
  208 582
  209 728
  210 66
  211 761
  212 383
  213 1411
  214 817
  215 21
  216 1961
  217 1298
  218 511
  219 1887
  220 1071
  221 159
  222 2077
  223 629
  224 1870
  225 158
  226 460
  227 947
  228 1359
  229 2143
  230 2033
  231 489
  232 373
  233 1307
  234 1317
  235 391
  236 974
  237 865
  238 1971
  239 1038
  240 595
  241 842
  242 1040
  243 1451
  244 84
  245 592
  246 1894
  247 1362
  248 2115
  249 1413
  250 1210
  251 282
  252 1780
  253 857
  254 1742
  255 255
  256 1328
  257 1794
  258 1675
  259 839
  260 510
  261 1832
  262 913
  263 200
  264 1635
  265 851
  266 1055
  267 1081
  268 394
  269 33
  270 1441
  271 812
  272 372
  273 1746
  274 1343
  275 79
  276 362
  277 1166
  278 716
  279 1594
  280 824
  281 1033
  282 407
  283 2113
  284 1709
  285 1186
  286 315
  287 1933
  288 1541
  289 1962
  290 551
  291 1355
  292 1337
  293 2007
  294 324
  295 83
  296 677
  297 1142
  298 1219
  299 52
  300 540
  301 211
  302 547
  303 1545
  304 198
  305 238
  306 498
  307 2086
  308 2072
  309 1295
  310 1638
  311 184
  312 877
  313 558
  314 1748
  315 205
  316 2157
  317 1951
  318 375
  319 1698
  320 1646
  321 729
  322 1814
  323 1373
  324 1049
  325 1679
  326 1891
  327 10
  328 1986
  329 2037
  330 1360
  331 934
  332 1139
  333 829
  334 1380
  335 783
  336 244
  337 2075
  338 207
  339 22
  340 1003
  341 1397
  342 37
  343 590
  344 1327
  345 347
  346 1261
  347 1586
  348 130
  349 1663
  350 215
  351 1465
  352 1739
  353 1607
  354 374
  355 1860
  356 445
  357 1759
  358 1093
  359 574
  360 1005
  361 1966
  362 356
  363 1922
  364 1983
  365 1992
  366 1569
  367 1576
  368 1985
  369 1358
  370 1263
  371 681
  372 1423
  373 1662
  374 1406
  375 705
  376 876
  377 1203
  378 1084
  379 1955
  380 468
  381 1779
  382 801
  383 1288
  384 161
  385 905
  386 92
  387 1154
  388 346
  389 219
  390 1854
  391 1705
  392 1777
  393 597
  394 1781
  395 670
  396 896
  397 1067
  398 1640
  399 688
  400 1381
  401 121
  402 1108
  403 1490
  404 585
  405 1817
  406 1707
  407 1744
  408 1925
  409 1228
  410 149
  411 2012
  412 442
  413 1322
  414 411
  415 1420
  416 34
  417 1873
  418 748
  419 1858
  420 2058
  421 1426
  422 193
  423 1319
  424 1492
  425 1630
  426 1133
  427 354
  428 502
  429 823
  430 390
  431 907
  432 2130
  433 1994
  434 1965
  435 1614
  436 1190
  437 1878
  438 1782
  439 304
  440 1363
  441 868
  442 1238
  443 1734
  444 1942
  445 1132
  446 1198
  447 1195
  448 1890
  449 1702
  450 1585
  451 1626
  452 1930
  453 779
  454 1068
  455 2046
  456 437
  457 1788
  458 1747
  459 382
  460 1899
  461 194
  462 1167
  463 2165
  464 819
  465 454
  466 1076
  467 1002
  468 75
  469 1147
  470 1724
  471 458
  472 439
  473 872
  474 668
  475 1318
  476 388
  477 162
  478 911
  479 1382
  480 960
  481 140
  482 1813
  483 906
  484 1835
  485 1446
  486 142
  487 1844
  488 173
  489 2023
  490 395
  491 1277
  492 1499
  493 381
  494 1838
  495 543
  496 694
  497 1402
  498 562
  499 335
  500 1845
  501 948
  502 1262
  503 93
  504 1252
  505 1731
  506 792
  507 1717
  508 689
  509 2068
  510 288
  511 225
  512 2146
  513 2002
  514 2092
  515 834
  516 1804
  517 1726
  518 249
  519 633
  520 957
  521 1057
  522 856
  523 1486
  524 861
  525 128
  526 855
  527 2159
  528 463
  529 323
  530 821
  531 660
  532 949
  533 400
  534 1725
  535 1609
  536 2109
  537 1645
  538 1424
  539 746
  540 1807
  541 2039
  542 1425
  543 1339
  544 1285
  545 2120
  546 209
  547 1953
  548 1808
  549 2053
  550 280
  551 1346
  552 1333
  553 1970
  554 1783
  555 1960
  556 983
  557 1113
  558 396
  559 2030
  560 1939
  561 134
  562 1344
  563 515
  564 272
  565 1573
  566 1853
  567 111
  568 2015
  569 797
  570 19
  571 152
  572 104
  573 1357
  574 1196
  575 253
  576 1211
  577 762
  578 1539
  579 878
  580 1306
  581 1862
  582 1552
  583 214
  584 444
  585 683
  586 1312
  587 711
  588 2004
  589 1904
  590 657
  591 2009
  592 1903
  593 1271
  594 903
  595 2018
  596 441
  597 1044
  598 639
  599 1579
  600 1350
  601 549
  602 644
  603 806
  604 1621
  605 1145
  606 1917
  607 1329
  608 1694
  609 29
  610 832
  611 456
  612 1236
  613 1819
  614 1924
  615 90
  616 1629
  617 2105
  618 1972
  619 1974
  620 1532
  621 1250
  622 1136
  623 1233
  624 1651
  625 1764
  626 1948
  627 1827
  628 2170
  629 1379
  630 2141
  631 1473
  632 1034
  633 1658
  634 1959
  635 706
  636 6
  637 1506
  638 320
  639 331
  640 954
  641 1482
  642 1521
  643 1677
  644 196
  645 1316
  646 2069
  647 994
  648 254
  649 965
  650 1270
  651 793
  652 151
  653 278
  654 1300
  655 20
  656 1287
  657 1700
  658 308
  659 945
  660 501
  661 1439
  662 1015
  663 2119
  664 1517
  665 1107
  666 1429
  667 831
  668 313
  669 352
  670 1223
  671 13
  672 760
  673 1984
  674 605
  675 1091
  676 635
  677 3
  678 491
  679 1313
  680 734
  681 1771
  682 1592
  683 1687
  684 1704
  685 1529
  686 1963
  687 483
  688 1331
  689 818
  690 264
  691 1718
  692 1099
  693 1177
  694 1989
  695 1758
  696 601
  697 1689
  698 1676
  699 138
  700 1013
  701 1843
  702 2161
  703 1080
  704 36
  705 561
  706 1135
  707 964
  708 981
  709 2103
  710 698
  711 296
  712 434
  713 336
  714 1206
  715 246
  716 9
  717 477
  718 570
  719 420
  720 1208
  721 786
  722 1087
  723 229
  724 709
  725 523
  726 700
  727 63
  728 669
  729 1999
  730 1695
  731 1918
  732 925
  733 693
  734 2050
  735 1281
  736 300
  737 798
  738 62
  739 2164
  740 822
  741 663
  742 534
  743 2028
  744 2074
  745 899
  746 917
  747 520
  748 659
  749 1248
  750 827
  751 392
  752 1680
  753 800
  754 1207
  755 666
  756 725
  757 1105
  758 909
  759 71
  760 277
  761 259
  762 1221
  763 2029
  764 1730
  765 218
  766 276
  767 338
  768 918
  769 387
  770 1880
  771 1201
  772 316
  773 1733
  774 1805
  775 1102
  776 1837
  777 1042
  778 74
  779 469
  780 1688
  781 887
  782 435
  783 203
  784 1755
  785 476
  786 419
  787 1164
  788 999
  789 1138
  790 350
  791 767
  792 171
  793 930
  794 620
  795 1066
  796 1591
  797 750
  798 132
  799 1289
  800 286
  801 1656
  802 1377
  803 932
  804 1848
  805 1001
  806 514
  807 882
  808 365
  809 1371
  810 988
  811 1292
  812 100
  813 505
  814 113
  815 661
  816 613
  817 1691
  818 697
  819 529
  820 1077
  821 1931
  822 785
  823 226
  824 160
  825 1280
  826 4
  827 80
  828 1776
  829 2101
  830 1083
  831 1294
  832 1914
  833 1114
  834 1447
  835 1176
  836 541
  837 1085
  838 1806
  839 1265
  840 978
  841 263
  842 1384
  843 1120
  844 1935
  845 1361
  846 655
  847 1104
  848 230
  849 2085
  850 430
  851 1967
  852 967
  853 1713
  854 416
  855 1016
  856 552
  857 424
  858 586
  859 50
  860 509
  861 224
  862 1045
  863 843
  864 772
  865 1622
  866 1155
  867 484
  868 777
  869 1378
  870 227
  871 1578
  872 2087
  873 1602
  874 1928
  875 696
  876 423
  877 242
  878 507
  879 1422
  880 638
  881 1383
  882 2117
  883 1534
  884 928
  885 1268
  886 1544
  887 479
  888 241
  889 600
  890 923
  891 1412
  892 703
  893 25
  894 1636
  895 2156
  896 51
  897 1007
  898 1393
  899 755
  900 517
  901 544
  902 2048
  903 979
  904 565
  905 940
  906 1857
  907 131
  908 1266
  909 548
  910 1096
  911 912
  912 1242
  913 1004
  914 1647
  915 2153
  916 428
  917 1417
  918 1504
  919 275
  920 1921
  921 1399
  922 31
  923 1856
  924 642
  925 1941
  926 464
  927 1557
  928 1345
  929 285
  930 1570
  931 2098
  932 1875
  933 473
  934 1820
  935 1627
  936 1385
  937 1414
  938 87
  939 1074
  940 975
  941 1547
  942 216
  943 1510
  944 1866
  945 1351
  946 1230
  947 1549
  948 2064
  949 828
  950 1356
  951 1156
  952 1106
  953 2126
  954 1278
  955 1370
  956 619
  957 1851
  958 452
  959 1310
  960 1387
  961 598
  962 1187
  963 1727
  964 492
  965 1897
  966 269
  967 894
  968 146
  969 1394
  970 1861
  971 2035
  972 922
  973 328
  974 1222
  975 1564
  976 351
  977 1321
  978 1259
  979 850
  980 290
  981 1456
  982 875
  983 1519
  984 2026
  985 1785
  986 1546
  987 2027
  988 1884
  989 588
  990 1996
  991 1816
  992 838
  993 1757
  994 1094
  995 959
  996 883
  997 845
  998 648
  999 73
  1000 898
  1001 658
  1002 841
  1003 1847
  1004 1086
  1005 611
  1006 607
  1007 1822
  1008 641
  1009 972
  1010 126
  1011 366
  1012 687
  1013 1488
  1014 1053
  1015 2095
  1016 1090
  1017 587
  1018 1559
  1019 756
  1020 809
  1021 1282
  1022 526
  1023 245
  1024 1320
  1025 447
  1026 1975
  1027 640
  1028 1060
  1029 1977
  1030 1152
  1031 1664
  1032 186
  1033 2125
  1034 2081
  1035 301
  1036 1872
  1037 1736
  1038 1347
  1039 524
  1040 1603
  1041 1143
  1042 2083
  1043 1498
  1044 1721
  1045 42
  1046 699
  1047 233
  1048 1407
  1049 1245
  1050 1649
  1051 554
  1052 1797
  1053 181
  1054 991
  1055 503
  1056 869
  1057 317
  1058 632
  1059 665
  1060 1685
  1061 175
  1062 1749
  1063 1512
  1064 892
  1065 1533
  1066 2127
  1067 1712
  1068 157
  1069 1160
  1070 1274
  1071 110
  1072 59
  1073 1587
  1074 252
  1075 2036
  1076 612
  1077 1572
  1078 1855
  1079 402
  1080 210
  1081 537
  1082 1732
  1083 811
  1084 2090
  1085 1372
  1086 745
  1087 576
  1088 1023
  1089 1227
  1090 1454
  1091 120
  1092 2045
  1093 1279
  1094 38
  1095 281
  1096 1484
  1097 406
  1098 1314
  1099 1497
  1100 357
  1101 1495
  1102 1235
  1103 1012
  1104 2047
  1105 495
  1106 787
  1107 717
  1108 223
  1109 992
  1110 2084
  1111 1508
  1112 1063
  1113 371
  1114 1416
  1115 1151
  1116 1258
  1117 1525
  1118 410
  1119 2118
  1120 1209
  1121 1149
  1122 2073
  1123 1990
  1124 1158
  1125 1979
  1126 1247
  1127 1048
  1128 2010
  1129 284
  1130 1660
  1131 446
  1132 189
  1133 220
  1134 1632
  1135 8
  1136 1762
  1137 1881
  1138 1460
  1139 720
  1140 23
  1141 2121
  1142 11
  1143 16
  1144 1606
  1145 303
  1146 1876
  1147 81
  1148 221
  1149 165
  1150 353
  1151 250
  1152 471
  1153 968
  1154 1710
  1155 1179
  1156 1871
  1157 1823
  1158 1272
  1159 314
  1160 1275
  1161 602
  1162 1478
  1163 1831
  1164 854
  1165 1047
  1166 1944
  1167 1657
  1168 1849
  1169 1466
  1170 1037
  1171 739
  1172 49
  1173 341
  1174 298
  1175 527
  1176 1553
  1177 1082
  1178 1305
  1179 1335
  1180 1625
  1181 1561
  1182 573
  1183 741
  1184 1353
  1185 1388
  1186 2059
  1187 1503
  1188 1563
  1189 1180
  1190 916
  1191 1470
  1192 1949
  1193 951
  1194 493
  1195 2136
  1196 900
  1197 1341
  1198 1283
  1199 880
  1200 1000
  1201 1674
  1202 625
  1203 891
  1204 1030
  1205 1127
  1206 871
  1207 421
  1208 859
  1209 472
  1210 989
  1211 1588
  1212 879
  1213 893
  1214 1438
  1215 397
  1216 337
  1217 895
  1218 1244
  1219 1505
  1220 1537
  1221 368
  1222 1415
  1223 1130
  1224 1650
  1225 294
  1226 2052
  1227 1708
  1228 2055
  1229 461
  1230 1480
  1231 1790
  1232 360
  1233 127
  1234 1839
  1235 107
  1236 183
  1237 26
  1238 415
  1239 1183
  1240 496
  1241 1637
  1242 791
  1243 1137
  1244 433
  1245 1089
  1246 64
  1247 488
  1248 1900
  1249 1477
  1250 846
  1251 662
  1252 1487
  1253 1078
  1254 334
  1255 1643
  1256 805
  1257 553
  1258 751
  1259 1224
  1260 1670
  1261 1840
  1262 1273
  1263 1740
  1264 265
  1265 500
  1266 1945
  1267 758
  1268 1122
  1269 1769
  1270 58
  1271 1655
  1272 98
  1273 1799
  1274 457
  1275 952
  1276 393
  1277 1212
  1278 1452
  1279 927
  1280 1405
  1281 944
  1282 676
  1283 1523
  1284 985
  1285 830
  1286 1325
  1287 2154
  1288 103
  1289 1334
  1290 1390
  1291 714
  1292 564
  1293 1046
  1294 1798
  1295 1633
  1296 143
  1297 88
  1298 27
  1299 266
  1300 1793
  1301 1828
  1302 726
  1303 1535
  1304 678
  1305 754
  1306 17
  1307 1450
  1308 814
  1309 1562
  1310 652
  1311 1671
  1312 995
  1313 1431
  1314 656
  1315 931
  1316 32
  1317 202
  1318 1936
  1319 293
  1320 1756
  1321 2150
  1322 2142
  1323 881
  1324 744
  1325 2034
  1326 919
  1327 795
  1328 195
  1329 1109
  1330 1474
  1331 2021
  1332 1619
  1333 1485
  1334 1937
  1335 631
  1336 759
  1337 776
  1338 1239
  1339 426
  1340 735
  1341 2051
  1342 1969
  1343 646
  1344 1768
  1345 2133
  1346 833
  1347 1459
  1348 1175
  1349 239
  1350 634
  1351 920
  1352 1810
  1353 530
  1354 1062
  1355 267
  1356 2057
  1357 653
  1358 2078
  1359 309
  1360 627
  1361 379
  1362 966
  1363 1616
  1364 262
  1365 1954
  1366 258
  1367 1795
  1368 1673
  1369 649
  1370 448
  1371 466
  1372 164
  1373 2070
  1374 39
  1375 671
  1376 1028
  1377 2102
  1378 1672
  1379 1315
  1380 1453
  1381 166
  1382 583
  1383 1072
  1384 116
  1385 1722
  1386 773
  1387 673
  1388 1375
  1389 1231
  1390 1008
  1391 897
  1392 1311
  1393 1766
  1394 490
  1395 1896
  1396 704
  1397 1934
  1398 295
  1399 1368
  1400 1213
  1401 1761
  1402 1612
  1403 1644
  1404 518
  1405 2099
  1406 168
  1407 770
  1408 848
  1409 1226
  1410 1947
  1411 2056
  1412 2088
  1413 105
  1414 1436
  1415 1531
  1416 1421
  1417 610
  1418 614
  1419 1892
  1420 1852
  1421 961
  1422 910
  1423 2140
  1424 1240
  1425 1234
  1426 1121
  1427 1097
  1428 177
  1429 539
  1430 862
  1431 1778
  1432 721
  1433 936
  1434 1440
  1435 1284
  1436 332
  1437 1410
  1438 389
  1439 1767
  1440 1225
  1441 914
  1442 1039
  1443 980
  1444 2100
  1445 1770
  1446 180
  1447 1665
  1448 1469
  1449 1956
  1450 1400
  1451 516
  1452 1509
  1453 436
  1454 971
  1455 560
  1456 1575
  1457 1194
  1458 271
  1459 2062
  1460 2082
  1461 1596
  1462 2024
  1463 2155
  1464 521
  1465 401
  1466 1911
  1467 163
  1468 422
  1469 1276
  1470 942
  1471 480
  1472 1950
  1473 858
  1474 1615
  1475 937
  1476 1059
  1477 1554
  1478 712
  1479 2138
  1480 943
  1481 889
  1482 376
  1483 1566
  1484 816
  1485 2158
  1486 1883
  1487 2076
  1488 1988
  1489 2151
  1490 1204
  1491 1432
  1492 1237
  1493 94
  1494 1859
  1495 1775
  1496 593
  1497 1987
  1498 1111
  1499 190
  1500 2093
  1501 1050
  1502 418
  1503 279
  1504 1494
  1505 1693
  1506 60
  1507 533
  1508 1140
  1509 1690
  1510 1336
  1511 1199
  1512 926
  1513 685
  1514 65
  1515 1874
  1516 1408
  1517 1309
  1518 550
  1519 2096
  1520 312
  1521 1159
  1522 486
  1523 204
  1524 450
  1525 780
  1526 1395
  1527 575
  1528 732
  1529 1489
  1530 1812
  1531 1304
  1532 722
  1533 849
  1534 237
  1535 213
  1536 852
  1537 1401
COMMENT: TIMESTEP: 1
ORDERS_SECTION
  1 2 3
  2 4
  3 5 6 7 211
  4 8 938
  5 9 976
  6 10
  7 11
  8 12 13
  9 14 15
  10 16 909
  11 17 18 19
  12 20
  13 21
  14 22 23 592 454
  15 24 25 26 1216
  16 27
  17 28
  18 29 30 1398 395
  19 31 32
  20 33 34 35
  21 36 37 38
  22 39 40 41
  23 42 43 44
  24 45 46 985
  25 47 48
  26 49
  27 50 51 732
  28 52 53
  29 54 55 56 1101
  30 57 58 76
  31 59
  32 60 61 639
  33 62 63 64
  34 65 66 67 239
  35 68 69 70
  36 71 72
  37 73 74 75 546
  38 76
  39 77 78 79
  40 80
  41 81 82
  42 83 84
  43 85
  44 86 87
  45 88 89
  46 90 91
  47 92 93 20
  48 94
  49 95 96 672
  50 97 98
  51 99 100 598
  52 101 102 103
  53 104 105 106 1460
  54 107
  55 108 109 475
  56 110 111
  57 112 113
  58 114 115 116 1427 170
  59 117 118
  60 119 120 121 1135
  61 122 123 1077
  62 124 125 126
  63 127 1427 822
  64 128 129 130 1355 989
  65 131 841
  66 132 133 134
  67 135 136 137 700
  68 138
  69 139
  70 140
  71 141 142
  72 143 144 145
  73 146 147 148 487
  74 149 678
  75 150 151
  76 152 153
  77 154 155 156 338 875
  78 157 158 635
  79 159 160 161 903
  80 162 245
  81 163 164 165
  82 166
  83 167 168
  84 169 91
  85 170 171
  86 172 173 174
  87 175 176 781
  88 177
  89 178 179 180
  90 181 182
  91 183
  92 184 185 186 148 368
  93 187 188 189 510
  94 190 191 192 1196 582
  95 193 194 195
  96 196 197 198 483
  97 199 1305
  98 200 201 638
  99 202 203
  100 204 205
  101 206 207 208 44 155
  102 209 210 211 1217
  103 212 1347 1285
  104 213 214
  105 215 216 217
  106 218 219 220 1373 104
  107 221 222
  108 223 224 1288
  109 225 226 768
  110 227 228 229
  111 230
  112 231 232 233
  113 234
  114 235
  115 236 237
  116 238
  117 239
  118 240 241 242
  119 243 244
  120 245
  121 246 247 1084 959
  122 248 249 250
  123 251 252 761
  124 253 254
  125 255 256 257 994
  126 258 259
  127 260 304
  128 261 262 818
  129 263 264
  130 265 1421
  131 266 267 268
  132 269
  133 270
  134 271 272 273 1341
  135 274 275 1309
  136 276 277 278
  137 279 280 281 1313
  138 282 283 284
  139 285 286 287
  140 288 1430 924
  141 289 290 291
  142 292
  143 293 294
  144 295 296 1280
  145 297 298
  146 299 1064
  147 300 301 302 1465 91
  148 303
  149 304 305 306
  150 307
  151 308 309
  152 310 311 312
  153 313 314 315
  154 316 317 318 839
  155 319 399
  156 320 321 322
  157 323 324 325
  158 326 431
  159 327 328
  160 329 330 331
  161 332 333 334 517
  162 335
  163 336 337
  164 338
  165 339 340 341
  166 342
  167 343
  168 344 345 346
  169 347 348 349
  170 350 351
  171 352 353 354
  172 355
  173 356 357 358
  174 359 1072 1491
  175 360 361 362 321
  176 363 364
  177 365 366
  178 367
  179 368 369
  180 370 371 731
  181 372 373 374
  182 375 376
  183 377
  184 378 379
  185 380
  186 381
  187 382 383 384 169
  188 385 90
  189 386 387 388 614
  190 389 390
  191 391
  192 392 393
  193 394 395 396 76
  194 397 1370
  195 398
  196 399
  197 400 401 402
  198 403 404 405
  199 406 407 408
  200 409 410 411
  201 412 413
  202 414 415 416
  203 417 418
  204 419 420
  205 421 422 787 236
  206 423
  207 424 425 426 145
  208 427 428 429 273
  209 430
  210 431
  211 432 433
  212 434 435 436
  213 437
  214 438 439
  215 440 441
  216 442 1016
  217 443 233
  218 444 445
  219 446 447 1485
  220 448
  221 449 450 935 1499 820
  222 451
  223 452 453 1081 917 686 983
  224 454 290
  225 455 456 367
  226 457 961 1324
  227 458 459 460
  228 461 961
  229 462
  230 463 464
  231 465 466 467
  232 468
  233 469
  234 470
  235 471 472 473
  236 474 475
  237 476
  238 477
  239 478
  240 479 480
  241 481 482 483
  242 484 485 178
  243 486
  244 487 488 489
  245 490 491 492
  246 493 494
  247 495
  248 496 497 498
  249 499
  250 500 501
  251 502
  252 503 504
  253 505 506 507
  254 508 509
  255 510 511
  256 512 513 310
  257 514 515 516
  258 517 518
  259 519
  260 520 521 88 789
  261 522 523 524
  262 525
  263 526
  264 527 528 701
  265 529 530 20
  266 531 532
  267 533 534
  268 535
  269 536 537 1509
  270 538 539 522
  271 540
  272 541 542 543 918
  273 544 545
  274 546
  275 547 713 1294
  276 548 1431
  277 549 550 551
  278 552 553
  279 554 555
  280 556 557 558
  281 559 560 561
  282 562 563 621
  283 564 565
  284 566 567 568
  285 569 570
  286 571 572 573
  287 574 575 576
  288 577 578 664
  289 579
  290 580 581
  291 582
  292 583 584
  293 585 586
  294 587 588 623 1319
  295 589 590 591
  296 592 593
  297 594 595 596 808
  298 597 598
  299 599 1254
  300 600 601 602 139
  301 603 604
  302 605 606 607
  303 608 609 610
  304 611
  305 612 613
  306 614
  307 615
  308 616 617
  309 618 619 1294
  310 620 621 622 1476
  311 623 624 1157
  312 625 1111
  313 626 627 1281
  314 628 629 630 646 1280
  315 631
  316 632 633 634 768 1427
  317 635 895
  318 636 637 638 323 253
  319 639
  320 640 641
  321 642 643
  322 644 645
  323 646 647
  324 648 649 650 972 996 1143
  325 651 652
  326 653
  327 654 655
  328 656 657 658 378
  329 659 660 661
  330 662 663 664
  331 665 666 667
  332 668 669 670
  333 671 672 673
  334 674
  335 675 407
  336 676 677 678 780 1216
  337 679 680
  338 681 682 683 1280
  339 684
  340 685 686
  341 687
  342 688 689
  343 690 691 692 1524
  344 693 694 376
  345 695
  346 696 697 698 246 265
  347 699 342
  348 700 1062
  349 701
  350 702 703 704
  351 705
  352 706
  353 707 1008
  354 708 709 628
  355 710 711 712
  356 713
  357 714 715 716
  358 717 1279
  359 718 719 720
  360 721
  361 722 723 724
  362 725 726 727
  363 728 729 730
  364 731 732 1235
  365 733 734 735 36
  366 736 239 517
  367 737 738 739
  368 740 741 742
  369 743
  370 744 745
  371 746 747 1401 623
  372 748 749 661 813 1411
  373 750
  374 751 752 753
  375 754 365 361
  376 755 756 757 437
  377 758 759 760 614
  378 761 762 763
  379 764
  380 765 766 767 1383
  381 768 769
  382 770
  383 771 772 622
  384 773 1289
  385 774 775 776
  386 777 778 917
  387 779 780 395
  388 781
  389 782
  390 783
  391 784 785
  392 786 787 788
  393 789 790
  394 791 792 793
  395 794 1331 487
  396 795 650
  397 796 797 798
  398 799 800 801
  399 802 803 285
  400 804
  401 805 806 807
  402 808
  403 809 810
  404 811 812 813
  405 814 815
  406 816 817
  407 818
  408 819 820 821
  409 822 1363
  410 823 824
  411 825 826
  412 827 828 829 1515
  413 830 831 832
  414 833 834 835
  415 836 837 838
  416 839 542
  417 840 841
  418 842 843 844
  419 845 846 847 1343 240
  420 848 849 850
  421 851 852 480
  422 853 854 855 1099
  423 856 857
  424 858
  425 859 860
  426 861 879 133
  427 862 863 864
  428 865 866 867
  429 868 869 870
  430 871 872 873
  431 874 875
  432 876 877
  433 878
  434 879 1531 1066 1497
  435 880 881
  436 882 883 884
  437 885 886 887 160 838
  438 888 889 890
  439 891 892 893 522
  440 894 27
  441 895
  442 896 897
  443 898 899 900 478 212
  444 901 902
  445 903
  446 904 905 661
  447 906 907 908 1422
  448 909 910 911
  449 912 913 914
  450 915 916 486
  451 917
  452 918 919 920 1414 774
  453 921 922 923 471
  454 924
  455 925 926 927
  456 928 786
  457 929 930 931
  458 932 933 934 1463
  459 935
  460 936 937 938
  461 939
  462 940 941 33 1249
  463 942 943 944 274
  464 945 946 947
  465 948 949 950 989
  466 951 952 953 66
  467 954
  468 955 956 957
  469 958 959
  470 960
  471 961
  472 962 963
  473 964
  474 965 966 635
  475 967 968 969
  476 970 971
  477 972 973 1415
  478 974 975
  479 976
  480 977
  481 978 979 16 696
  482 980 981
  483 982
  484 983
  485 984 985
  486 986 987 988 14
  487 989
  488 990 991 992
  489 993 994
  490 995 996 997
  491 998 999 1000
  492 1001 1002 1003
  493 1004 1005 1071
  494 1006 1007 1008
  495 1009
  496 1010 1011
  497 1012 1013
  498 1014 1015 1016 964
  499 1017 1018 865
  500 1019
  501 1020 1021 1224
  502 1022 1023
  503 1024 1025 688
  504 1026 1027 1378
  505 1028
  506 1029
  507 1030 1031 1032
  508 1033 1034 1035
  509 1036 1454
  510 1037 795
  511 1038 1039 668
  512 1040 1041 1042 874 1521
  513 1043 1044 1045
  514 1046 1047
  515 1048 1049
  516 1050 239
  517 1051 1052
  518 1053 1054 1055
  519 1056
  520 1057 1058
  521 1059 1060 1061 1282
  522 1062 1063
  523 1064
  524 1065 1066
  525 1067 1068 1069
  526 1070 1071 1072
  527 1073
  528 1074
  529 1075 1076
  530 1077 1078
  531 1079 1080
  532 1081 1082 1083 1257
  533 1084
  534 1085 1086 1087
  535 1088 1089
  536 1090
  537 1091
  538 1092 1093 40
  539 1094 1095 1096
  540 1097 772
  541 1098 1099 1100
  542 1101 1102 1103 40
  543 1104 1105
  544 1106 1107
  545 1108 569
  546 1109
  547 1110 1111 1112 1176
  548 1113 1114
  549 1115 1116 1117
  550 1118 1119 1120
  551 1121 1122
  552 1123 1124 1125 591
  553 1126
  554 1127 1128
  555 1129 1130 1131
  556 1132 1133 69
  557 1134 1135 1136
  558 1137 1138 1139 924
  559 1140 1141 1142
  560 1143 1144 86
  561 1145 1261
  562 1146 1147 1148
  563 1149 1150 1151
  564 1152 1153 811 891 939
  565 1154
  566 1155
  567 1156 1157 1158
  568 1159
  569 1160 1161 1162 76
  570 1163 1164
  571 1165 176
  572 1166 1167 1168
  573 1169 1170
  574 1171 1172 1173
  575 1174
  576 1175
  577 1176 1177 1178 1246 419
  578 1179 1180 1181
  579 1182 1183 1213
  580 1184 1185 1520 510
  581 1186
  582 1187 1188 1189
  583 1190 1191 532
  584 1192
  585 1193 1194 1019
  586 1195 1196
  587 1197
  588 1198 1199
  589 1200
  590 1201 1202
  591 1203
  592 1204 1205 917
  593 1206 1207 1208
  594 1209 1210 1211 689
  595 1212 1213 1214
  596 1215 1216
  597 1217 320
  598 1218 1219 1220
  599 1221 1222
  600 1223 1224 1225 545 431
  601 1226
  602 1227 1228 1229
  603 1230
  604 1231 1232
  605 1233 1234 1235 94
  606 1236
  607 1237
  608 1238 1239 1240
  609 1241 1242
  610 1243 431
  611 1244 1245 1246
  612 1247 1248 1249
  613 1250 1251 1252
  614 1253 1254
  615 1255 1256 1257
  616 1258 1259
  617 1260 1261
  618 1262 1263 703
  619 1264
  620 1265 1266
  621 1267
  622 1268
  623 1269
  624 1270 1271 1272
  625 1273 1274
  626 1275 1276 1277
  627 1278 1279 275 104
  628 1280
  629 1281 1485
  630 1282 1283
  631 1284 1285 1286
  632 1287
  633 1288 1289 794 285
  634 1290 1291
  635 1292
  636 1293
  637 1294
  638 1295 1296 1297
  639 1298 1299 294 795
  640 1300 1301
  641 1302 1303
  642 1304 1305
  643 1306 1307 1308
  644 1309 1310
  645 1311 1312
  646 1313 1314
  647 1315 1316 1317
  648 1318 1319
  649 1320 51 1510
  650 1321 1322 1388 20
  651 1323
  652 1324 1325 1326 1175
  653 1327 1328 1329 1203
  654 1330 1331 1332
  655 1333 1334 1335 1328
  656 1336
  657 1337 1338 1339
  658 1340
  659 1341 1342
  660 1343
  661 1344 118
  662 1345 1346
  663 1347 1348 1521
  664 1349
  665 1350
  666 1351
  667 1352 1353 1354 1217
  668 1355
  669 1356
  670 1357
  671 1358 1359
  672 1360 1361
  673 1362 1363
  674 1364 1365 1366 539
  675 1367 1368
  676 1369 1370 1371
  677 1372 238
  678 1373 1374 159
  679 1375
  680 1376 1377 1289 610
  681 1378 1379
  682 1380
  683 1381
  684 1382
  685 1383
  686 1384 1385
  687 1386
  688 1387 1388 1389 1264
  689 1390 1391
  690 1392 1393 454 535
  691 1394 692
  692 1395
  693 1396 1397 1398 1494
  694 1399 1400
  695 1401 1402 1403
  696 1404 1405 1406 495
  697 1407 1408 581 1458
  698 1409 1410 1077
  699 1411 1412
  700 1413 1414
  701 1415 1245
  702 1416 1417
  703 1418
  704 1419 1420 1421
  705 1422 1423 1424 1530
  706 1425 1426 1427 434
  707 1428 639
  708 1429 1430
  709 1431 1432
  710 1433
  711 1434 1435 1436
  712 1437
  713 1438 1439
  714 1440 1441 1331 476
  715 1442
  716 1443 1444 635
  717 1445 1446
  718 1447 635
  719 1448 1449 1450
  720 1451 1452
  721 1453
  722 1454 1455 1456
  723 1457 1458 1459
  724 1460 1461
  725 1462
  726 1463 1464
  727 1465 1466 1467 552
  728 1468 1469
  729 1470 1471 1472
  730 1473 1474 1475 11
  731 1476
  732 1477 1478 177 1357
  733 1479 842
  734 1480 1481 1482 1018
  735 1483 1484
  736 1485
  737 1486 1487 1488
  738 1489 1490 454
  739 1491 1492 1493
  740 1494
  741 1495 1496 1497
  742 1498 389
  743 1499
  744 1500
  745 1501 1502 615
  746 1503 1504 1505
  747 1506 1507 295
  748 1508
  749 1509 1510 20
  750 1511 1512 714
  751 1513 1514
  752 1515
  753 1516 1517 1490
  754 1518 1519
  755 1520
  756 1521
  757 1522 1523
  758 1524
  759 1525 1526 1527
  760 1528 1529
  761 1530
  762 1531 1532 1533 695
  763 1534
  764 1535 1536 1537
TIME_AVAIL_SECTION
  1 1
  2 1
  3 1
  4 1
  5 1
  6 1
  7 1
  8 1
  9 1
  10 1
  11 1
  12 1
  13 1
  14 1
  15 1
  16 1
  17 1
  18 1
  19 1
  20 1
  21 1
  22 1
  23 1
  24 1
  25 1
  26 1
  27 1
  28 1
  29 1
  30 1
  31 1
  32 1
  33 1
  34 1
  35 1
  36 1
  37 1
  38 1
  39 1
  40 1
  41 1
  42 1
  43 1
  44 1
  45 1
  46 1
  47 1
  48 1
  49 1
  50 1
  51 1
  52 1
  53 1
  54 1
  55 1
  56 1
  57 1
  58 1
  59 1
  60 1
  61 1
  62 1
  63 1
  64 1
  65 1
  66 1
  67 1
  68 1
  69 1
  70 1
  71 1
  72 1
  73 1
  74 1
  75 1
  76 1
  77 1
  78 1
  79 1
  80 1
  81 1
  82 1
  83 1
  84 1
  85 1
  86 1
  87 1
  88 1
  89 1
  90 1
  91 1
  92 1
  93 1
  94 1
  95 1
  96 1
  97 1
  98 1
  99 1
  100 1
  101 1
  102 1
  103 1
  104 1
  105 1
  106 1
  107 1
  108 1
  109 1
  110 1
  111 1
  112 1
  113 1
  114 1
  115 1
  116 1
  117 1
  118 1
  119 1
  120 1
  121 1
  122 1
  123 1
  124 1
  125 1
  126 1
  127 1
  128 1
  129 1
  130 1
  131 1
  132 1
  133 1
  134 1
  135 1
  136 1
  137 1
  138 1
  139 1
  140 1
  141 1
  142 1
  143 1
  144 1
  145 1
  146 1
  147 1
  148 1
  149 1
  150 1
  151 1
  152 1
  153 1
  154 1
  155 1
  156 1
  157 1
  158 1
  159 1
  160 1
  161 1
  162 1
  163 1
  164 1
  165 1
  166 1
  167 1
  168 1
  169 1
  170 1
  171 1
  172 1
  173 1
  174 1
  175 1
  176 1
  177 1
  178 1
  179 1
  180 1
  181 1
  182 1
  183 1
  184 1
  185 1
  186 1
  187 1
  188 1
  189 1
  190 1
  191 1
  192 1
  193 1
  194 1
  195 1
  196 1
  197 1
  198 1
  199 1
  200 1
  201 1
  202 1
  203 1
  204 1
  205 1
  206 1
  207 1
  208 1
  209 1
  210 1
  211 1
  212 1
  213 1
  214 1
  215 1
  216 1
  217 1
  218 1
  219 1
  220 1
  221 1
  222 1
  223 1
  224 1
  225 1
  226 1
  227 1
  228 1
  229 1
  230 1
  231 1
  232 1
  233 1
  234 1
  235 1
  236 1
  237 1
  238 1
  239 1
  240 1
  241 1
  242 1
  243 1
  244 1
  245 1
  246 1
  247 1
  248 1
  249 1
  250 1
  251 1
  252 1
  253 1
  254 1
  255 1
  256 1
  257 1
  258 1
  259 1
  260 1
  261 1
  262 1
  263 1
  264 1
  265 1
  266 1
  267 1
  268 1
  269 1
  270 1
  271 1
  272 1
  273 1
  274 1
  275 1
  276 1
  277 1
  278 1
  279 1
  280 1
  281 1
  282 1
  283 1
  284 1
  285 1
  286 1
  287 1
  288 1
  289 1
  290 1
  291 1
  292 1
  293 1
  294 1
  295 1
  296 1
  297 1
  298 1
  299 1
  300 1
  301 1
  302 1
  303 1
  304 1
  305 1
  306 1
  307 1
  308 1
  309 1
  310 1
  311 1
  312 1
  313 1
  314 1
  315 1
  316 1
  317 1
  318 1
  319 1
  320 1
  321 1
  322 1
  323 1
  324 1
  325 1
  326 1
  327 1
  328 1
  329 1
  330 1
  331 1
  332 1
  333 1
  334 1
  335 1
  336 1
  337 1
  338 1
  339 1
  340 1
  341 1
  342 1
  343 1
  344 1
  345 1
  346 1
  347 1
  348 1
  349 1
  350 1
  351 1
  352 1
  353 1
  354 1
  355 1
  356 1
  357 1
  358 1
  359 1
  360 1
  361 1
  362 1
  363 1
  364 1
  365 1
  366 1
  367 1
  368 1
  369 1
  370 1
  371 1
  372 1
  373 1
  374 1
  375 1
  376 1
  377 1
  378 1
  379 1
  380 1
  381 1
  382 1
  383 1
  384 1
  385 1
  386 1
  387 1
  388 1
  389 1
  390 1
  391 1
  392 1
  393 1
  394 1
  395 1
  396 1
  397 1
  398 1
  399 1
  400 1
  401 1
  402 1
  403 1
  404 1
  405 1
  406 1
  407 1
  408 1
  409 1
  410 1
  411 1
  412 1
  413 1
  414 1
  415 1
  416 1
  417 1
  418 1
  419 1
  420 1
  421 1
  422 1
  423 1
  424 1
  425 1
  426 1
  427 1
  428 1
  429 1
  430 1
  431 1
  432 1
  433 1
  434 1
  435 1
  436 1
  437 1
  438 1
  439 1
  440 1
  441 1
  442 1
  443 1
  444 1
  445 1
  446 1
  447 1
  448 1
  449 1
  450 1
  451 1
  452 1
  453 1
  454 1
  455 1
  456 1
  457 1
  458 1
  459 1
  460 1
  461 1
  462 1
  463 1
  464 1
  465 1
  466 1
  467 1
  468 1
  469 1
  470 1
  471 1
  472 1
  473 1
  474 1
  475 1
  476 1
  477 1
  478 1
  479 1
  480 1
  481 1
  482 1
  483 1
  484 1
  485 1
  486 1
  487 1
  488 1
  489 1
  490 1
  491 1
  492 1
  493 1
  494 1
  495 1
  496 1
  497 1
  498 1
  499 1
  500 1
  501 1
  502 1
  503 1
  504 1
  505 1
  506 1
  507 1
  508 1
  509 1
  510 1
  511 1
  512 1
  513 1
  514 1
  515 1
  516 1
  517 1
  518 1
  519 1
  520 1
  521 1
  522 1
  523 1
  524 1
  525 1
  526 1
  527 1
  528 1
  529 1
  530 1
  531 1
  532 1
  533 1
  534 1
  535 1
  536 1
  537 1
  538 1
  539 1
  540 1
  541 1
  542 1
  543 1
  544 1
  545 1
  546 1
  547 1
  548 1
  549 1
  550 1
  551 1
  552 1
  553 1
  554 1
  555 1
  556 1
  557 1
  558 1
  559 1
  560 1
  561 1
  562 1
  563 1
  564 1
  565 1
  566 1
  567 1
  568 1
  569 1
  570 1
  571 1
  572 1
  573 1
  574 1
  575 1
  576 1
  577 1
  578 1
  579 1
  580 1
  581 1
  582 1
  583 1
  584 1
  585 1
  586 1
  587 1
  588 1
  589 1
  590 1
  591 1
  592 1
  593 1
  594 1
  595 1
  596 1
  597 1
  598 1
  599 1
  600 1
  601 1
  602 1
  603 1
  604 1
  605 1
  606 1
  607 1
  608 1
  609 1
  610 1
  611 1
  612 1
  613 1
  614 1
  615 1
  616 1
  617 1
  618 1
  619 1
  620 1
  621 1
  622 1
  623 1
  624 1
  625 1
  626 1
  627 1
  628 1
  629 1
  630 1
  631 1
  632 1
  633 1
  634 1
  635 1
  636 1
  637 1
  638 1
  639 1
  640 1
  641 1
  642 1
  643 1
  644 1
  645 1
  646 1
  647 1
  648 1
  649 1
  650 1
  651 1
  652 1
  653 1
  654 1
  655 1
  656 1
  657 1
  658 1
  659 1
  660 1
  661 1
  662 1
  663 1
  664 1
  665 1
  666 1
  667 1
  668 1
  669 1
  670 1
  671 1
  672 1
  673 1
  674 1
  675 1
  676 1
  677 1
  678 1
  679 1
  680 1
  681 1
  682 1
  683 1
  684 1
  685 1
  686 1
  687 1
  688 1
  689 1
  690 1
  691 1
  692 1
  693 1
  694 1
  695 1
  696 1
  697 1
  698 1
  699 1
  700 1
  701 1
  702 1
  703 1
  704 1
  705 1
  706 1
  707 1
  708 1
  709 1
  710 1
  711 1
  712 1
  713 1
  714 1
  715 1
  716 1
  717 1
  718 1
  719 1
  720 1
  721 1
  722 1
  723 1
  724 1
  725 1
  726 1
  727 1
  728 1
  729 1
  730 1
  731 1
  732 1
  733 1
  734 1
  735 1
  736 1
  737 1
  738 1
  739 1
  740 1
  741 1
  742 1
  743 1
  744 1
  745 1
  746 1
  747 1
  748 1
  749 1
  750 1
  751 1
  752 1
  753 1
  754 1
  755 1
  756 1
  757 1
  758 1
  759 1
  760 1
  761 1
  762 1
  763 1
  764 1
EOF
