VRPTEST 1.0
COMMENT: descr: Modified tsplib for the OBP
COMMENT: Best known objective: 13466.763
COMMENT: Computational time (s): 22493.641374000006
NAME: c1383_c692
NUM_CAPACITIES: 1
NUM_VISITS: 1383
NUM_VEHICLES: 78
CAPACITIES: 10
DATA_SECTION
DEPOTS
  0
  1
VISIT_LOCATION_SECTION
  2 631
  3 1255
  4 822
  5 809
  6 244
  7 709
  8 1533
  9 756
  10 1176
  11 1904
  12 654
  13 120
  14 1095
  15 352
  16 658
  17 1962
  18 870
  19 1481
  20 1067
  21 1693
  22 2168
  23 2142
  24 925
  25 1525
  26 1000
  27 373
  28 655
  29 10
  30 51
  31 1717
  32 2110
  33 786
  34 2159
  35 1578
  36 1545
  37 940
  38 639
  39 2066
  40 1538
  41 101
  42 922
  43 1944
  44 249
  45 41
  46 1603
  47 2090
  48 745
  49 1305
  50 1118
  51 1685
  52 749
  53 1994
  54 1841
  55 562
  56 1186
  57 536
  58 1821
  59 1183
  60 1587
  61 777
  62 515
  63 1662
  64 184
  65 1175
  66 713
  67 680
  68 450
  69 499
  70 63
  71 1517
  72 399
  73 1385
  74 1332
  75 682
  76 608
  77 1337
  78 2116
  79 558
  80 801
  81 1914
  82 1048
  83 1466
  84 1668
  85 507
  86 991
  87 1149
  88 1664
  89 13
  90 899
  91 449
  92 1387
  93 1322
  94 1785
  95 1845
  96 149
  97 1999
  98 1617
  99 221
  100 878
  101 1965
  102 111
  103 1472
  104 1438
  105 1190
  106 1850
  107 553
  108 928
  109 1218
  110 1579
  111 454
  112 1580
  113 564
  114 2154
  115 1531
  116 805
  117 1354
  118 1235
  119 267
  120 1492
  121 930
  122 1219
  123 964
  124 1207
  125 951
  126 1731
  127 1806
  128 1447
  129 776
  130 428
  131 550
  132 604
  133 532
  134 738
  135 4
  136 484
  137 1853
  138 1252
  139 1345
  140 1737
  141 2010
  142 1367
  143 1263
  144 820
  145 2105
  146 1712
  147 1180
  148 1700
  149 994
  150 1791
  151 527
  152 243
  153 571
  154 1339
  155 1546
  156 669
  157 173
  158 844
  159 602
  160 277
  161 552
  162 1789
  163 1173
  164 1341
  165 989
  166 588
  167 719
  168 1638
  169 368
  170 113
  171 1600
  172 143
  173 226
  174 1399
  175 638
  176 1574
  177 1001
  178 1630
  179 2120
  180 1034
  181 997
  182 424
  183 487
  184 414
  185 606
  186 650
  187 979
  188 36
  189 1148
  190 1736
  191 210
  192 1923
  193 238
  194 1208
  195 266
  196 269
  197 1642
  198 75
  199 1514
  200 1704
  201 382
  202 1011
  203 138
  204 1038
  205 477
  206 1818
  207 977
  208 1317
  209 906
  210 1112
  211 1678
  212 641
  213 579
  214 1825
  215 107
  216 1726
  217 551
  218 319
  219 126
  220 1312
  221 79
  222 381
  223 1189
  224 1915
  225 1013
  226 1044
  227 445
  228 1840
  229 1981
  230 865
  231 1427
  232 309
  233 1972
  234 110
  235 334
  236 433
  237 574
  238 1523
  239 510
  240 341
  241 817
  242 117
  243 2067
  244 725
  245 764
  246 3
  247 1049
  248 1471
  249 1844
  250 1808
  251 1120
  252 1200
  253 1351
  254 1655
  255 426
  256 935
  257 1078
  258 1404
  259 219
  260 2050
  261 1465
  262 585
  263 2130
  264 281
  265 1766
  266 1205
  267 34
  268 84
  269 2047
  270 1037
  271 1503
  272 1815
  273 470
  274 2007
  275 1198
  276 1342
  277 416
  278 58
  279 1724
  280 68
  281 1384
  282 520
  283 1622
  284 1138
  285 1809
  286 1793
  287 952
  288 2071
  289 542
  290 1549
  291 66
  292 1575
  293 750
  294 1730
  295 64
  296 1015
  297 152
  298 153
  299 1338
  300 1250
  301 1938
  302 362
  303 938
  304 1899
  305 728
  306 1491
  307 1101
  308 325
  309 1117
  310 252
  311 347
  312 1435
  313 1686
  314 1784
  315 1900
  316 2150
  317 956
  318 1196
  319 949
  320 2078
  321 802
  322 1266
  323 1143
  324 2073
  325 39
  326 469
  327 1242
  328 318
  329 363
  330 839
  331 681
  332 541
  333 1919
  334 1680
  335 292
  336 1562
  337 1703
  338 1551
  339 1532
  340 1178
  341 195
  342 932
  343 1762
  344 2163
  345 1873
  346 1795
  347 2145
  348 796
  349 1804
  350 1779
  351 492
  352 1030
  353 26
  354 1245
  355 186
  356 1728
  357 1810
  358 483
  359 1004
  360 401
  361 378
  362 1033
  363 406
  364 1377
  365 1323
  366 1192
  367 1541
  368 1647
  369 2018
  370 835
  371 1443
  372 913
  373 42
  374 1660
  375 946
  376 2059
  377 37
  378 1833
  379 1742
  380 1308
  381 448
  382 1474
  383 1778
  384 11
  385 1042
  386 316
  387 130
  388 633
  389 307
  390 1547
  391 2043
  392 1096
  393 573
  394 961
  395 1141
  396 1797
  397 1504
  398 1561
  399 1439
  400 1990
  401 1154
  402 471
  403 1558
  404 2170
  405 1302
  406 1072
  407 290
  408 1941
  409 1229
  410 338
  411 125
  412 1318
  413 1130
  414 1740
  415 1594
  416 987
  417 47
  418 644
  419 1888
  420 2152
  421 1526
  422 1482
  423 1521
  424 1631
  425 691
  426 2111
  427 2156
  428 1926
  429 1050
  430 2021
  431 1864
  432 1223
  433 726
  434 1978
  435 1296
  436 716
  437 1391
  438 127
  439 1688
  440 1883
  441 1353
  442 1800
  443 1759
  444 1954
  445 293
  446 1932
  447 693
  448 1257
  449 1382
  450 335
  451 1122
  452 299
  453 1164
  454 242
  455 106
  456 1093
  457 1087
  458 663
  459 349
  460 720
  461 151
  462 88
  463 1983
  464 1460
  465 2001
  466 1611
  467 315
  468 207
  469 660
  470 1524
  471 1644
  472 2036
  473 2040
  474 834
  475 473
  476 2024
  477 988
  478 397
  479 2086
  480 1753
  481 530
  482 657
  483 855
  484 2068
  485 1350
  486 1591
  487 196
  488 50
  489 868
  490 227
  491 1788
  492 665
  493 294
  494 1457
  495 1374
  496 2165
  497 762
  498 1805
  499 71
  500 812
  501 624
  502 767
  503 2079
  504 826
  505 74
  506 1881
  507 1749
  508 1082
  509 1376
  510 420
  511 577
  512 2014
  513 1362
  514 2134
  515 1922
  516 1943
  517 2094
  518 2074
  519 1179
  520 1702
  521 1640
  522 350
  523 664
  524 1885
  525 225
  526 224
  527 708
  528 1848
  529 278
  530 1455
  531 2029
  532 301
  533 1035
  534 2039
  535 1361
  536 560
  537 847
  538 161
  539 1586
  540 1488
  541 522
  542 460
  543 2075
  544 1744
  545 228
  546 2058
  547 1927
  548 1237
  549 970
  550 800
  551 1155
  552 1992
  553 856
  554 915
  555 1213
  556 1413
  557 102
  558 1947
  559 1158
  560 1202
  561 2092
  562 741
  563 1616
  564 1811
  565 1636
  566 1483
  567 402
  568 2046
  569 1330
  570 1691
  571 67
  572 1849
  573 1588
  574 1258
  575 185
  576 863
  577 1506
  578 1878
  579 239
  580 1713
  581 498
  582 1619
  583 1480
  584 993
  585 1212
  586 1550
  587 20
  588 759
  589 104
  590 1054
  591 597
  592 837
  593 1507
  594 270
  595 570
  596 854
  597 972
  598 2025
  599 459
  600 372
  601 400
  602 985
  603 1669
  604 1769
  605 556
  606 1646
  607 751
  608 94
  609 1221
  610 1984
  611 813
  612 1286
  613 2026
  614 1576
  615 760
  616 87
  617 1684
  618 876
  619 337
  620 1709
  621 18
  622 429
  623 129
  624 1975
  625 886
  626 775
  627 1008
  628 1897
  629 314
  630 656
  631 298
  632 1625
  633 1195
  634 1967
  635 1217
  636 1861
  637 1415
  638 1459
  639 1106
  640 1177
  641 688
  642 1003
  643 2095
  644 408
  645 245
  646 1328
  647 1698
  648 1267
  649 1863
  650 674
  651 1278
  652 19
  653 407
  654 2136
  655 1127
  656 2060
  657 234
  658 1971
  659 1248
  660 1434
  661 1661
  662 2015
  663 2169
  664 1748
  665 1838
  666 1416
  667 379
  668 1344
  669 830
  670 1602
  671 77
  672 603
  673 1952
  674 797
  675 212
  676 444
  677 2035
  678 1508
  679 327
  680 971
  681 2020
  682 531
  683 43
  684 2028
  685 1325
  686 871
  687 1705
  688 684
  689 304
  690 57
  691 287
  692 1335
  693 1569
  694 1960
  695 1045
  696 438
  697 223
  698 1643
  699 1780
  700 1754
  701 1505
  702 421
  703 1094
  704 463
  705 936
  706 701
  707 1236
  708 116
  709 105
  710 877
  711 640
  712 642
  713 526
  714 1357
  715 1666
  716 1892
  717 569
  718 1423
  719 1495
  720 1131
  721 734
  722 2149
  723 1891
  724 742
  725 1107
  726 1618
  727 1750
  728 1832
  729 1119
  730 534
  731 159
  732 1931
  733 698
  734 1172
  735 2008
  736 89
  737 1315
  738 594
  739 2053
  740 1645
  741 394
  742 984
  743 1828
  744 392
  745 1462
  746 237
  747 276
  748 1977
  749 2038
  750 2137
  751 317
  752 1211
  753 2089
  754 189
  755 1875
  756 1921
  757 893
  758 921
  759 1102
  760 686
  761 692
  762 1372
  763 1896
  764 1696
  765 1464
  766 1320
  767 1560
  768 2081
  769 495
  770 1877
  771 581
  772 1137
  773 302
  774 1270
  775 119
  776 83
  777 607
  778 696
  779 1080
  780 358
  781 1364
  782 73
  783 867
  784 1135
  785 486
  786 1816
  787 2162
  788 1303
  789 365
  790 714
  791 436
  792 1917
  793 1674
  794 1151
  795 1986
  796 833
  797 2161
  798 461
  799 1066
  800 1553
  801 1110
  802 2083
  803 1945
  804 678
  805 1002
  806 96
  807 1454
  808 284
  809 505
  810 732
  811 1216
  812 1160
  813 2009
  814 2049
  815 172
  816 944
  817 2033
  818 881
  819 25
  820 1657
  821 1673
  822 736
  823 609
  824 523
  825 22
  826 2118
  827 888
  828 999
  829 1294
  830 943
  831 2127
  832 417
  833 1329
  834 875
  835 1005
  836 1854
  837 1230
  838 1009
  839 960
  840 2164
  841 1450
  842 892
  843 1544
  844 861
  845 1966
  846 1963
  847 2087
  848 1193
  849 1104
  850 1473
  851 1537
  852 1746
  853 1407
  854 622
  855 1974
  856 1458
  857 1477
  858 1282
  859 627
  860 1951
  861 403
  862 1884
  863 1405
  864 197
  865 900
  866 1887
  867 694
  868 619
  869 157
  870 850
  871 1582
  872 954
  873 804
  874 2048
  875 356
  876 565
  877 1146
  878 8
  879 1694
  880 80
  881 1632
  882 230
  883 1665
  884 371
  885 590
  886 981
  887 1969
  888 1671
  889 1289
  890 1321
  891 2041
  892 998
  893 1262
  894 705
  895 529
  896 1276
  897 1837
  898 1866
  899 645
  900 1383
  901 1718
  902 2123
  903 390
  904 1432
  905 1297
  906 683
  907 1690
  908 33
  909 2157
  910 1081
  911 841
  912 263
  913 2072
  914 2
  915 1867
  916 1300
  917 205
  918 62
  919 1670
  920 1764
  921 404
  922 386
  923 1865
  924 1930
  925 1016
  926 1855
  927 241
  928 883
  929 1429
  930 559
  931 1380
  932 122
  933 1961
  934 21
  935 443
  936 1388
  937 393
  938 437
  939 1817
  940 955
  941 1732
  942 957
  943 1765
  944 140
  945 1288
  946 1055
  947 1677
  948 1056
  949 1047
  950 285
  951 1281
  952 183
  953 1227
  954 100
  955 1425
  956 1777
  957 798
  958 1771
  959 634
  960 1650
  961 1197
  962 1184
  963 1995
  964 2064
  965 584
  966 1573
  967 380
  968 2054
  969 828
  970 586
  971 1682
  972 748
  973 1261
  974 2076
  975 1807
  976 1592
  977 215
  978 1847
  979 1552
  980 1534
  981 2080
  982 9
  983 103
  984 1121
  985 848
  986 697
  987 2055
  988 903
  989 746
  990 23
  991 1453
  992 1431
  993 700
  994 661
  995 1476
  996 1781
  997 1937
  998 1363
  999 255
  1000 576
  1001 364
  1002 766
  1003 1905
  1004 1411
  1005 1741
  1006 446
  1007 1100
  1008 1098
  1009 1145
  1010 1949
  1011 288
  1012 959
  1013 1201
  1014 2115
  1015 1498
  1016 174
  1017 1324
  1018 410
  1019 468
  1020 1711
  1021 620
  1022 2108
  1023 1485
  1024 1614
  1025 1203
  1026 1721
  1027 605
  1028 474
  1029 1767
  1030 1924
  1031 1529
  1032 1760
  1033 733
  1034 600
  1035 1285
  1036 1163
  1037 1358
  1038 1169
  1039 415
  1040 758
  1041 374
  1042 852
  1043 236
  1044 1819
  1045 52
  1046 2085
  1047 978
  1048 2084
  1049 336
  1050 996
  1051 391
  1052 950
  1053 1733
  1054 1058
  1055 598
  1056 840
  1057 1763
  1058 1239
  1059 430
  1060 1826
  1061 1111
  1062 1792
  1063 148
  1064 1273
  1065 1390
  1066 721
  1067 1543
  1068 517
  1069 1831
  1070 1720
  1071 418
  1072 1091
  1073 331
  1074 2052
  1075 216
  1076 15
  1077 1584
  1078 29
  1079 455
  1080 1234
  1081 514
  1082 1565
  1083 203
  1084 163
  1085 890
  1086 675
  1087 774
  1088 743
  1089 846
  1090 313
  1091 92
  1092 2153
  1093 1394
  1094 699
  1095 2082
  1096 761
  1097 811
  1098 1862
  1099 1609
  1100 1979
  1101 1499
  1102 383
  1103 918
  1104 1244
  1105 240
  1106 773
  1107 1774
  1108 807
  1109 1446
  1110 1563
  1111 1287
  1112 1835
  1113 1249
  1114 1238
  1115 1333
  1116 568
  1117 1424
  1118 1400
  1119 966
  1120 1653
  1121 175
  1122 795
  1123 842
  1124 1876
  1125 790
  1126 1020
  1127 1133
  1128 739
  1129 592
  1130 133
  1131 1871
  1132 357
  1133 905
  1134 1436
  1135 387
  1136 344
  1137 917
  1138 1606
  1139 303
  1140 1233
  1141 2119
  1142 778
  1143 1687
  1144 324
  1145 1039
  1146 1989
  1147 929
  1148 1852
  1149 375
  1150 710
  1151 1557
  1152 462
  1153 2004
  1154 1295
  1155 1271
  1156 992
  1157 1528
  1158 257
  1159 1689
  1160 2069
  1161 496
  1162 1494
  1163 297
  1164 440
  1165 509
  1166 1856
  1167 1490
  1168 1105
  1169 548
  1170 2030
  1171 540
  1172 2045
  1173 2143
COMMENT: TIMESTEP: 1
ORDERS_SECTION
  1 2 3
  2 4
  3 5
  4 6 7
  5 8
  6 9 10
  7 11
  8 12
  9 13
  10 14
  11 15
  12 16 17
  13 18 498 1111
  14 19 20
  15 21
  16 22
  17 23
  18 24 25
  19 26 27
  20 28
  21 29
  22 30 31
  23 32
  24 33 34
  25 35 36
  26 37
  27 38 39
  28 40 41
  29 42 43 811
  30 44 325
  31 45
  32 46 47
  33 48
  34 49
  35 50 51
  36 52 633
  37 53 54 585
  38 55
  39 56
  40 57 58
  41 59 60
  42 61 62
  43 63 231
  44 64
  45 65
  46 66
  47 67
  48 68 537
  49 69
  50 70
  51 71
  52 72 73
  53 74
  54 75 269
  55 76 77
  56 78 167
  57 79
  58 80
  59 81 82
  60 83
  61 84 85
  62 86 87 1122 707
  63 88 89
  64 90 91
  65 92
  66 93 94
  67 95
  68 96
  69 97 98 424
  70 99 100
  71 101 102
  72 103
  73 104
  74 105 106
  75 107
  76 108
  77 109 110
  78 111
  79 112
  80 113 114
  81 115 116
  82 117
  83 118
  84 119 120
  85 121 122
  86 123 61
  87 124 125
  88 126 597
  89 127 128
  90 129 130
  91 131 132
  92 133 330
  93 134 135
  94 136
  95 137
  96 138 139
  97 140
  98 141 142
  99 143 330
  100 144
  101 145
  102 146 147
  103 148
  104 149 150
  105 151
  106 152 153
  107 154
  108 155 156
  109 157 158
  110 159 160
  111 161 162 606
  112 163
  113 164
  114 165 166 399
  115 167
  116 168 169
  117 170
  118 171
  119 172 173 799
  120 174 175
  121 176
  122 177
  123 178 179
  124 180
  125 181 734
  126 182
  127 183 184
  128 185
  129 186 983
  130 187
  131 188 189
  132 190 191
  133 192
  134 193 194
  135 195 196
  136 197 198
  137 199
  138 200
  139 201 202 919
  140 203
  141 204
  142 205 206
  143 207 208 136
  144 209
  145 210
  146 211 212
  147 213
  148 214
  149 215 527
  150 216 217
  151 218 219 151
  152 220
  153 221
  154 222 1044
  155 223 224
  156 225
  157 226
  158 227 1072
  159 228
  160 229 230
  161 231 343
  162 232 233
  163 234 1053
  164 235 236
  165 237 238
  166 239 240
  167 241
  168 242
  169 243 244
  170 245
  171 246
  172 247
  173 248 249
  174 250
  175 251 252 406
  176 253
  177 254 255
  178 256 89 863
  179 257
  180 258
  181 259
  182 260 261
  183 262 760
  184 263 610
  185 264
  186 265 266 222
  187 267
  188 268 269 1062
  189 270 271
  190 272
  191 273 274
  192 275
  193 276
  194 277
  195 278 279
  196 280 281
  197 282 283
  198 284
  199 285 286
  200 287 415
  201 288 79
  202 289
  203 290
  204 291 292
  205 293 294
  206 295
  207 296
  208 297
  209 298 299
  210 300 301
  211 302 303
  212 304
  213 305 306
  214 307
  215 308 309 1152
  216 310 311 643
  217 312 313
  218 314
  219 315 316
  220 317
  221 318 319 711
  222 320 322
  223 321 322
  224 323 324
  225 325 326
  226 327 328
  227 329 760
  228 330 331
  229 332 333
  230 334 335
  231 336 337
  232 338 339
  233 340 115
  234 341 342
  235 343 597
  236 344 345 839
  237 346
  238 347 348
  239 349
  240 350 351
  241 352 353
  242 354
  243 355 699 912
  244 356 357
  245 358 359 905
  246 360
  247 361
  248 362
  249 363 364
  250 365 366
  251 367 368
  252 369
  253 370
  254 371 372
  255 373 374
  256 375 376
  257 377 1081
  258 378
  259 379 380
  260 381
  261 382 383 402
  262 384
  263 385
  264 386
  265 387 388
  266 389
  267 390 391
  268 392 1118
  269 393
  270 394
  271 395 396
  272 397 398 93 937
  273 399 400
  274 401
  275 402 403
  276 404 405
  277 406
  278 407 408
  279 409
  280 410
  281 411 412 253
  282 413 414
  283 415 1156
  284 416 417
  285 418
  286 419 420 920 1089
  287 421 422
  288 423
  289 424
  290 425 426
  291 427 428
  292 429 430
  293 431 432
  294 433 434
  295 435 436
  296 437 438
  297 439 440
  298 441 442
  299 443
  300 444 445
  301 446
  302 447 448 16
  303 449 450
  304 451
  305 452 453
  306 454 455
  307 456 457
  308 458 459
  309 460
  310 461
  311 462 463 574
  312 464 465 665
  313 466 467
  314 468 469
  315 470 471
  316 472 473
  317 474 475 351
  318 476
  319 477
  320 478
  321 479 480
  322 481 482 784
  323 483 484
  324 485
  325 486 487
  326 488 489
  327 490
  328 491
  329 492 1090
  330 493
  331 494 126
  332 495 496
  333 497 726
  334 498
  335 499 500
  336 501
  337 502 503 213
  338 504 505
  339 506 507
  340 508 509
  341 510
  342 511 1053
  343 512 513 480
  344 514 515
  345 516
  346 517 518
  347 519 520
  348 521 522
  349 523
  350 524 525
  351 526 71
  352 527 528 416 189
  353 529 530
  354 531 1091
  355 532 533
  356 534 535
  357 536 537
  358 538 539
  359 540
  360 541
  361 542 543
  362 544 545 201
  363 546 547
  364 548 549 98
  365 550 551 1038
  366 552 553
  367 554 555
  368 556 557
  369 558 559
  370 560
  371 561
  372 562
  373 563 564
  374 565 566
  375 567 568
  376 569 570
  377 571 572
  378 573 574
  379 575
  380 576
  381 577 578
  382 579
  383 580 581 908
  384 582 583
  385 584 150
  386 585 586
  387 587 588 284
  388 589
  389 590
  390 591
  391 592 593
  392 594 595
  393 596 597 45 888
  394 598 599 541
  395 600
  396 601 668
  397 602 603
  398 604
  399 605 606
  400 607 608
  401 609
  402 610
  403 611 612 288
  404 613
  405 614 615
  406 616 617
  407 618
  408 619 620
  409 621
  410 622 623
  411 624 769
  412 625
  413 626
  414 627 628
  415 629 630
  416 631 632
  417 633
  418 634 635
  419 636 637 730 648
  420 638 938
  421 639
  422 640 641
  423 642 643 401
  424 644 645
  425 646 647 163
  426 648
  427 649
  428 650 651 61 320
  429 652 653
  430 654 655
  431 656 657
  432 658 659 943
  433 660 661
  434 662
  435 663 664
  436 665
  437 666 142
  438 667 668
  439 669 670
  440 671 672
  441 673 674
  442 675 676
  443 677 256
  444 678 679
  445 680 681 599
  446 682
  447 683 684
  448 685
  449 686 687
  450 688 1069 501
  451 689 690
  452 691 692 905 456
  453 693 694 42 23
  454 695 696
  455 697 453
  456 698 699
  457 700 701 92
  458 702
  459 703 704
  460 705 1044
  461 706 707
  462 708
  463 709
  464 710 711
  465 712 609
  466 713 714
  467 715
  468 716 717
  469 718
  470 719 884 377
  471 720
  472 721 722 242 19
  473 723
  474 724
  475 725 726
  476 727 728 151
  477 729 1042
  478 730
  479 731 1020
  480 732
  481 733 734 684
  482 735 736
  483 737 711
  484 738 739
  485 740 741
  486 742
  487 743 288
  488 744
  489 745 48 1141
  490 746
  491 747 748 92 831
  492 749
  493 750 751
  494 752 1165
  495 753 859
  496 754 769
  497 755 756
  498 757
  499 758 759
  500 760 761
  501 762 763
  502 764
  503 765 766
  504 767
  505 768 769
  506 770
  507 771
  508 772
  509 773
  510 774
  511 775 776
  512 777 778 1146
  513 779
  514 780 781 962
  515 782 767
  516 783
  517 784 785
  518 786 787 209 1101
  519 788 789
  520 790 791 951 555
  521 792 793
  522 794 795
  523 796 903 915
  524 797 798 314
  525 799
  526 800 801
  527 802 803 385
  528 804 805
  529 806
  530 807
  531 808 809
  532 810 382 284
  533 811
  534 812 813
  535 814 815
  536 816
  537 817 818
  538 819 767
  539 820
  540 821
  541 822 823
  542 824
  543 825 862
  544 826 827 422
  545 828 829
  546 830
  547 831
  548 832 833
  549 834
  550 835 836 1122
  551 837 838 637
  552 839
  553 840 841
  554 842 843
  555 844 845
  556 846 847
  557 848 849
  558 850
  559 851
  560 852 853 737
  561 854
  562 855
  563 856
  564 857 858
  565 859 860
  566 861 862 726
  567 863 864
  568 865 866
  569 867
  570 868 869 393 71
  571 870
  572 871 872
  573 873 874
  574 875
  575 876 877
  576 878 879
  577 880
  578 881 737 351 498 1037
  579 882
  580 883 884
  581 885
  582 886 887
  583 888
  584 889
  585 890 891
  586 892
  587 893 894
  588 895 896 886 952
  589 897 898 327 586
  590 899
  591 900
  592 901
  593 902 903
  594 904
  595 905
  596 906
  597 907 908
  598 909 294
  599 910
  600 911 912
  601 913
  602 914 915 128
  603 916 917
  604 918
  605 919 1042
  606 920
  607 921
  608 922
  609 923
  610 924
  611 925 926 946
  612 927 928
  613 929 930
  614 931 932
  615 933 934
  616 935 936
  617 937 439
  618 938 939
  619 940 941
  620 942
  621 943
  622 944 945
  623 946
  624 947 948 128
  625 949 950
  626 951 410
  627 952
  628 953 772
  629 954 955
  630 956
  631 957
  632 958
  633 959 960 284 855
  634 961
  635 962 963 779
  636 964 965
  637 966
  638 967 469
  639 968 969
  640 970
  641 971 972
  642 973 974 1156
  643 975
  644 976 977 84 327
  645 978 979
  646 980
  647 981 295
  648 982 983
  649 984 985
  650 986 987
  651 988 989
  652 990 991 706
  653 992 993 406 298
  654 994 995
  655 996 997
  656 998 999
  657 1000
  658 1001 1002
  659 1003 1004 98 166
  660 1005 1006 525 1107
  661 1007 1008
  662 1009 1010 389
  663 1011
  664 1012
  665 1013 1014 635
  666 1015 1016
  667 1017 1018
  668 1019 1020
  669 1021
  670 1022 1023 850 294
  671 1024
  672 1025 1026
  673 1027
  674 1028
  675 1029 1030
  676 1031 1032 38
  677 1033
  678 1034 1035
  679 1036 1037
  680 1038 1039
  681 1040 1041
  682 1042 1043 559 758
  683 1044 1045 983
  684 1046 1047 1129 892
  685 1048 154
  686 1049
  687 1050 1051
  688 1052
  689 1053 1054
  690 1055
  691 1056 1133
  692 1057
  693 1058 1059
  694 1060 1061 638
  695 1062
  696 1063 1064
  697 1065 1066
  698 1067 1068
  699 1069
  700 1070 1071
  701 1072
  702 1073
  703 1074 1075
  704 1076 1077
  705 1078
  706 1079 1080
  707 1081 1082
  708 1083
  709 1084 1085
  710 1086 1087 166 376
  711 1088
  712 1089
  713 1090 318
  714 1091 1092
  715 1093 1094
  716 1095
  717 1096
  718 1097 381
  719 1098
  720 1099 1100 84
  721 1101 453
  722 1102 697
  723 1103
  724 1104
  725 1105 123
  726 1106
  727 1107 61
  728 1108 1109
  729 1110
  730 1111 82
  731 1112 501
  732 1113 1114
  733 1115 843
  734 1116 933 52
  735 1117 1118
  736 1119
  737 1120 1121
  738 1122
  739 1123 1124
  740 1125 1115
  741 1126 1127
  742 1128
  743 1129
  744 1130 1131
  745 1132 638
  746 1133 1134
  747 1135
  748 1136
  749 1137 1138
  750 1139 1140 799
  751 1141
  752 1142 1143
  753 1144
  754 1145 1076
  755 1146 1147
  756 1148
  757 1149 1150
  758 1151
  759 1152 1153
  760 1154
  761 1155 1156
  762 1157 1158
  763 1159 518 478
  764 1160 1161 582
  765 1162
  766 1163
  767 1164 1165
  768 1166 1167
  769 1168 1169
  770 1170
  771 1171
  772 1172
  773 1173
TIME_AVAIL_SECTION
  1 1
  2 1
  3 1
  4 1
  5 1
  6 1
  7 1
  8 1
  9 1
  10 1
  11 1
  12 1
  13 1
  14 1
  15 1
  16 1
  17 1
  18 1
  19 1
  20 1
  21 1
  22 1
  23 1
  24 1
  25 1
  26 1
  27 1
  28 1
  29 1
  30 1
  31 1
  32 1
  33 1
  34 1
  35 1
  36 1
  37 1
  38 1
  39 1
  40 1
  41 1
  42 1
  43 1
  44 1
  45 1
  46 1
  47 1
  48 1
  49 1
  50 1
  51 1
  52 1
  53 1
  54 1
  55 1
  56 1
  57 1
  58 1
  59 1
  60 1
  61 1
  62 1
  63 1
  64 1
  65 1
  66 1
  67 1
  68 1
  69 1
  70 1
  71 1
  72 1
  73 1
  74 1
  75 1
  76 1
  77 1
  78 1
  79 1
  80 1
  81 1
  82 1
  83 1
  84 1
  85 1
  86 1
  87 1
  88 1
  89 1
  90 1
  91 1
  92 1
  93 1
  94 1
  95 1
  96 1
  97 1
  98 1
  99 1
  100 1
  101 1
  102 1
  103 1
  104 1
  105 1
  106 1
  107 1
  108 1
  109 1
  110 1
  111 1
  112 1
  113 1
  114 1
  115 1
  116 1
  117 1
  118 1
  119 1
  120 1
  121 1
  122 1
  123 1
  124 1
  125 1
  126 1
  127 1
  128 1
  129 1
  130 1
  131 1
  132 1
  133 1
  134 1
  135 1
  136 1
  137 1
  138 1
  139 1
  140 1
  141 1
  142 1
  143 1
  144 1
  145 1
  146 1
  147 1
  148 1
  149 1
  150 1
  151 1
  152 1
  153 1
  154 1
  155 1
  156 1
  157 1
  158 1
  159 1
  160 1
  161 1
  162 1
  163 1
  164 1
  165 1
  166 1
  167 1
  168 1
  169 1
  170 1
  171 1
  172 1
  173 1
  174 1
  175 1
  176 1
  177 1
  178 1
  179 1
  180 1
  181 1
  182 1
  183 1
  184 1
  185 1
  186 1
  187 1
  188 1
  189 1
  190 1
  191 1
  192 1
  193 1
  194 1
  195 1
  196 1
  197 1
  198 1
  199 1
  200 1
  201 1
  202 1
  203 1
  204 1
  205 1
  206 1
  207 1
  208 1
  209 1
  210 1
  211 1
  212 1
  213 1
  214 1
  215 1
  216 1
  217 1
  218 1
  219 1
  220 1
  221 1
  222 1
  223 1
  224 1
  225 1
  226 1
  227 1
  228 1
  229 1
  230 1
  231 1
  232 1
  233 1
  234 1
  235 1
  236 1
  237 1
  238 1
  239 1
  240 1
  241 1
  242 1
  243 1
  244 1
  245 1
  246 1
  247 1
  248 1
  249 1
  250 1
  251 1
  252 1
  253 1
  254 1
  255 1
  256 1
  257 1
  258 1
  259 1
  260 1
  261 1
  262 1
  263 1
  264 1
  265 1
  266 1
  267 1
  268 1
  269 1
  270 1
  271 1
  272 1
  273 1
  274 1
  275 1
  276 1
  277 1
  278 1
  279 1
  280 1
  281 1
  282 1
  283 1
  284 1
  285 1
  286 1
  287 1
  288 1
  289 1
  290 1
  291 1
  292 1
  293 1
  294 1
  295 1
  296 1
  297 1
  298 1
  299 1
  300 1
  301 1
  302 1
  303 1
  304 1
  305 1
  306 1
  307 1
  308 1
  309 1
  310 1
  311 1
  312 1
  313 1
  314 1
  315 1
  316 1
  317 1
  318 1
  319 1
  320 1
  321 1
  322 1
  323 1
  324 1
  325 1
  326 1
  327 1
  328 1
  329 1
  330 1
  331 1
  332 1
  333 1
  334 1
  335 1
  336 1
  337 1
  338 1
  339 1
  340 1
  341 1
  342 1
  343 1
  344 1
  345 1
  346 1
  347 1
  348 1
  349 1
  350 1
  351 1
  352 1
  353 1
  354 1
  355 1
  356 1
  357 1
  358 1
  359 1
  360 1
  361 1
  362 1
  363 1
  364 1
  365 1
  366 1
  367 1
  368 1
  369 1
  370 1
  371 1
  372 1
  373 1
  374 1
  375 1
  376 1
  377 1
  378 1
  379 1
  380 1
  381 1
  382 1
  383 1
  384 1
  385 1
  386 1
  387 1
  388 1
  389 1
  390 1
  391 1
  392 1
  393 1
  394 1
  395 1
  396 1
  397 1
  398 1
  399 1
  400 1
  401 1
  402 1
  403 1
  404 1
  405 1
  406 1
  407 1
  408 1
  409 1
  410 1
  411 1
  412 1
  413 1
  414 1
  415 1
  416 1
  417 1
  418 1
  419 1
  420 1
  421 1
  422 1
  423 1
  424 1
  425 1
  426 1
  427 1
  428 1
  429 1
  430 1
  431 1
  432 1
  433 1
  434 1
  435 1
  436 1
  437 1
  438 1
  439 1
  440 1
  441 1
  442 1
  443 1
  444 1
  445 1
  446 1
  447 1
  448 1
  449 1
  450 1
  451 1
  452 1
  453 1
  454 1
  455 1
  456 1
  457 1
  458 1
  459 1
  460 1
  461 1
  462 1
  463 1
  464 1
  465 1
  466 1
  467 1
  468 1
  469 1
  470 1
  471 1
  472 1
  473 1
  474 1
  475 1
  476 1
  477 1
  478 1
  479 1
  480 1
  481 1
  482 1
  483 1
  484 1
  485 1
  486 1
  487 1
  488 1
  489 1
  490 1
  491 1
  492 1
  493 1
  494 1
  495 1
  496 1
  497 1
  498 1
  499 1
  500 1
  501 1
  502 1
  503 1
  504 1
  505 1
  506 1
  507 1
  508 1
  509 1
  510 1
  511 1
  512 1
  513 1
  514 1
  515 1
  516 1
  517 1
  518 1
  519 1
  520 1
  521 1
  522 1
  523 1
  524 1
  525 1
  526 1
  527 1
  528 1
  529 1
  530 1
  531 1
  532 1
  533 1
  534 1
  535 1
  536 1
  537 1
  538 1
  539 1
  540 1
  541 1
  542 1
  543 1
  544 1
  545 1
  546 1
  547 1
  548 1
  549 1
  550 1
  551 1
  552 1
  553 1
  554 1
  555 1
  556 1
  557 1
  558 1
  559 1
  560 1
  561 1
  562 1
  563 1
  564 1
  565 1
  566 1
  567 1
  568 1
  569 1
  570 1
  571 1
  572 1
  573 1
  574 1
  575 1
  576 1
  577 1
  578 1
  579 1
  580 1
  581 1
  582 1
  583 1
  584 1
  585 1
  586 1
  587 1
  588 1
  589 1
  590 1
  591 1
  592 1
  593 1
  594 1
  595 1
  596 1
  597 1
  598 1
  599 1
  600 1
  601 1
  602 1
  603 1
  604 1
  605 1
  606 1
  607 1
  608 1
  609 1
  610 1
  611 1
  612 1
  613 1
  614 1
  615 1
  616 1
  617 1
  618 1
  619 1
  620 1
  621 1
  622 1
  623 1
  624 1
  625 1
  626 1
  627 1
  628 1
  629 1
  630 1
  631 1
  632 1
  633 1
  634 1
  635 1
  636 1
  637 1
  638 1
  639 1
  640 1
  641 1
  642 1
  643 1
  644 1
  645 1
  646 1
  647 1
  648 1
  649 1
  650 1
  651 1
  652 1
  653 1
  654 1
  655 1
  656 1
  657 1
  658 1
  659 1
  660 1
  661 1
  662 1
  663 1
  664 1
  665 1
  666 1
  667 1
  668 1
  669 1
  670 1
  671 1
  672 1
  673 1
  674 1
  675 1
  676 1
  677 1
  678 1
  679 1
  680 1
  681 1
  682 1
  683 1
  684 1
  685 1
  686 1
  687 1
  688 1
  689 1
  690 1
  691 1
  692 1
  693 1
  694 1
  695 1
  696 1
  697 1
  698 1
  699 1
  700 1
  701 1
  702 1
  703 1
  704 1
  705 1
  706 1
  707 1
  708 1
  709 1
  710 1
  711 1
  712 1
  713 1
  714 1
  715 1
  716 1
  717 1
  718 1
  719 1
  720 1
  721 1
  722 1
  723 1
  724 1
  725 1
  726 1
  727 1
  728 1
  729 1
  730 1
  731 1
  732 1
  733 1
  734 1
  735 1
  736 1
  737 1
  738 1
  739 1
  740 1
  741 1
  742 1
  743 1
  744 1
  745 1
  746 1
  747 1
  748 1
  749 1
  750 1
  751 1
  752 1
  753 1
  754 1
  755 1
  756 1
  757 1
  758 1
  759 1
  760 1
  761 1
  762 1
  763 1
  764 1
  765 1
  766 1
  767 1
  768 1
  769 1
  770 1
  771 1
  772 1
  773 1
EOF
