VRPTEST 1.0
COMMENT: descr: Modified tsplib for the OBP
COMMENT: Best known objective: 2203.598
COMMENT: Computational time (s): 422.98291900000004
NAME: c515_c9d0
NUM_CAPACITIES: 1
NUM_VISITS: 515
NUM_VEHICLES: 9
CAPACITIES: 30
DATA_SECTION
DEPOTS
  0
  1
VISIT_LOCATION_SECTION
  2 1116
  3 2063
  4 1231
  5 383
  6 573
  7 339
  8 1329
  9 1201
  10 2066
  11 1037
  12 995
  13 145
  14 1556
  15 1456
  16 2141
  17 1216
  18 1777
  19 252
  20 134
  21 730
  22 2092
  23 1483
  24 445
  25 1795
  26 105
  27 2168
  28 1081
  29 669
  30 140
  31 1217
  32 1172
  33 227
  34 342
  35 2081
  36 1848
  37 1112
  38 945
  39 380
  40 253
  41 1655
  42 1931
  43 627
  44 2091
  45 38
  46 1687
  47 1971
  48 1527
  49 1847
  50 368
  51 1165
  52 974
  53 460
  54 1184
  55 978
  56 1070
  57 317
  58 1470
  59 1747
  60 207
  61 150
  62 1234
  63 664
  64 1985
  65 1891
  66 1176
  67 137
  68 1025
  69 2157
  70 1797
  71 234
  72 1193
  73 325
  74 1239
  75 400
  76 1781
  77 796
  78 568
  79 386
  80 1372
  81 2102
  82 727
  83 130
  84 531
  85 1833
  86 746
  87 101
  88 1436
  89 1251
  90 1561
  91 1767
  92 1108
  93 382
  94 1645
  95 2159
  96 1688
  97 1013
  98 1570
  99 1388
  100 89
  101 391
  102 202
  103 1398
  104 813
  105 878
  106 410
  107 1769
  108 1387
  109 52
  110 1748
  111 311
  112 2004
  113 503
  114 1905
  115 826
  116 2030
  117 320
  118 1530
  119 2138
  120 2021
  121 2080
  122 2060
  123 299
  124 981
  125 1283
  126 1229
  127 96
  128 603
  129 940
  130 1823
  131 1863
  132 846
  133 1431
  134 100
  135 650
  136 1547
  137 2058
  138 1227
  139 51
  140 1669
  141 67
  142 2018
  143 1789
  144 1422
  145 69
  146 572
  147 491
  148 293
  149 174
  150 1100
  151 1810
  152 1548
  153 1606
  154 93
  155 919
  156 2023
  157 1732
  158 107
  159 1685
  160 789
  161 1852
  162 906
  163 916
  164 1960
  165 1784
  166 1853
  167 2039
  168 658
  169 1269
  170 583
  171 26
  172 1106
  173 599
  174 675
  175 687
  176 1331
  177 1209
  178 596
  179 665
  180 832
  181 1492
  182 438
  183 2006
  184 278
  185 334
  186 1339
  187 1460
  188 1897
  189 213
  190 837
  191 800
  192 159
  193 1257
  194 2095
  195 731
  196 869
  197 1185
  198 541
  199 1955
  200 223
  201 852
  202 1609
  203 2076
  204 1244
  205 955
  206 1816
  207 909
  208 441
  209 922
  210 431
  211 1104
  212 817
  213 574
  214 1709
  215 487
  216 1353
  217 2052
  218 1497
  219 218
  220 1614
  221 729
  222 787
  223 75
  224 436
  225 1455
  226 907
  227 854
  228 424
  229 970
  230 1337
  231 1107
  232 448
  233 228
  234 73
  235 1637
  236 2027
  237 182
  238 631
  239 1237
  240 1458
  241 661
  242 2170
  243 304
  244 2098
  245 1529
  246 1183
  247 964
  248 129
  249 782
  250 1327
  251 961
  252 358
  253 467
  254 713
  255 1543
  256 407
  257 1808
  258 802
  259 2065
  260 752
  261 913
  262 1321
  263 511
  264 1915
  265 1713
  266 1831
  267 1731
  268 693
  269 1531
  270 98
  271 434
  272 1471
  273 839
  274 856
  275 561
  276 452
  277 1001
  278 1413
  279 326
  280 2071
  281 1438
  282 2149
  283 1380
  284 230
  285 786
  286 685
  287 1595
  288 200
  289 2120
  290 1450
  291 1854
  292 870
  293 2010
  294 1917
  295 2059
  296 1733
  297 1729
  298 86
  299 1603
  300 1042
  301 1361
  302 1617
  303 241
  304 1798
  305 950
  306 2036
  307 823
  308 1425
  309 1970
  310 423
  311 613
  312 2061
  313 1660
  314 1499
  315 286
  316 1771
  317 39
  318 1186
  319 1683
  320 1750
  321 451
  322 1174
  323 1523
  324 1435
  325 87
  326 1072
  327 1233
  328 21
  329 48
  330 1357
  331 1484
  332 1640
  333 1699
  334 240
  335 688
  336 2064
  337 1467
  338 1285
  339 1663
  340 123
  341 683
  342 1317
  343 905
  344 1644
  345 1158
  346 1574
  347 703
  348 275
  349 328
  350 315
  351 716
  352 64
  353 1629
  354 1656
  355 309
  356 426
  357 1175
  358 1141
  359 1241
  360 710
  361 302
  362 1351
  363 1417
  364 2046
  365 2136
  366 807
  367 778
  368 2050
  369 1671
  370 619
  371 2162
  372 517
  373 1625
  374 1002
  375 1046
  376 1260
  377 736
  378 1007
  379 1389
  380 1541
  381 1250
  382 1358
  383 420
  384 1513
  385 1839
  386 1336
  387 1334
  388 848
  389 1786
  390 1079
  391 71
  392 1868
  393 1783
  394 205
  395 1075
  396 1821
  397 1000
  398 708
  399 1494
  400 1011
  401 127
  402 298
  403 558
  404 1477
  405 781
  406 1937
  407 459
  408 473
  409 198
  410 284
  411 1084
  412 894
  413 748
  414 1405
  415 2132
  416 1258
  417 1200
  418 2135
  419 1899
  420 1724
  421 2034
  422 1004
  423 929
  424 1448
  425 629
  426 681
  427 559
  428 417
  429 565
  430 1900
  431 256
  432 56
  433 484
  434 1546
  435 1039
  436 215
  437 211
  438 634
  439 678
  440 1078
  441 899
  442 490
  443 1983
  444 733
  445 1984
  446 1152
  447 741
  448 344
  449 1274
  450 1549
  451 1383
  452 419
  453 199
  454 1023
  455 477
  456 2068
  457 1914
  458 1488
  459 1032
  460 1947
  461 288
  462 1410
  463 110
  464 1093
  465 1977
  466 282
  467 7
  468 2096
  469 1137
  470 2082
  471 1650
  472 1765
  473 1192
  474 231
  475 668
  476 873
  477 1694
  478 437
  479 2086
  480 724
  481 1127
  482 2014
  483 1746
  484 1297
  485 281
  486 1378
  487 1992
  488 759
  489 1376
  490 444
  491 500
  492 108
  493 24
  494 1521
  495 45
  496 165
  497 233
  498 1689
  499 863
  500 136
  501 435
COMMENT: TIMESTEP: 1
ORDERS_SECTION
  1 2 3 4
  2 5
  3 6
  4 7
  5 8 9
  6 10 11 12
  7 13 14
  8 15 16 17
  9 18 19
  10 20 21
  11 22 23 24
  12 25
  13 26 27
  14 28 20
  15 29
  16 30
  17 31 32
  18 33 34
  19 35 36 37
  20 38 39 40
  21 41 42 43
  22 44
  23 45 46
  24 47
  25 48 49
  26 50
  27 51
  28 52 53
  29 54
  30 55
  31 56 57 58
  32 59 60
  33 61
  34 62 63
  35 64 65
  36 66 67
  37 68 69 70
  38 71 72 73
  39 74 75
  40 76 77
  41 78 79
  42 80 81
  43 82 83
  44 84
  45 85 86
  46 87
  47 88 89 90
  48 91
  49 92
  50 93 94
  51 95 96 97
  52 98 99
  53 100
  54 101 102 103
  55 104 105 106
  56 107 108 109
  57 110 111 112
  58 113
  59 114 115 116
  60 117 118
  61 119 120
  62 121 122 123
  63 124 125 126
  64 127
  65 128 129
  66 130
  67 131 132
  68 133 134
  69 135 136 137
  70 138 139 140
  71 141
  72 142 143 144
  73 145
  74 146
  75 147 148 149
  76 150 151 152
  77 153
  78 154
  79 155 156 157
  80 158 159 160
  81 161 162 164
  82 163 164
  83 165 166 167
  84 168 169 170
  85 171 172
  86 173 174 175
  87 176
  88 177 178
  89 179
  90 180 181
  91 182 183
  92 184 185 186
  93 187 188 189
  94 190
  95 191 192 193
  96 194 195 196
  97 197 198 199
  98 200
  99 201 202 203
  100 204 205
  101 206 207
  102 208 209
  103 210
  104 211 212
  105 213 214
  106 215 216 217
  107 218 219 220
  108 221
  109 222 223 224
  110 225
  111 226 227 228
  112 229 230 231
  113 232 233 234
  114 235 236
  115 237 238 239
  116 240
  117 241 242
  118 243 244 245
  119 246 247 248 314
  120 249 250 251
  121 252 253 254
  122 255
  123 256 257
  124 258 259
  125 260 261
  126 262
  127 263
  128 264 265
  129 266
  130 267
  131 268
  132 269 270
  133 271
  134 272
  135 273 274 275 18
  136 276
  137 277 278
  138 279 280
  139 281 282
  140 283
  141 284 285
  142 286
  143 287
  144 288 289
  145 290 291 292 336
  146 293 294 295
  147 296 318
  148 297 298
  149 299 300 301
  150 302 303 304
  151 305 306 307
  152 308 309
  153 310
  154 311
  155 312 371
  156 313
  157 314
  158 315 316
  159 317 318
  160 319 315
  161 320 321 322
  162 323
  163 324 325
  164 326
  165 327 328
  166 329 330
  167 331
  168 332
  169 333
  170 334 335
  171 336 337 338
  172 339 340
  173 341 342 343
  174 344 345
  175 346 347
  176 348
  177 349
  178 350 351
  179 352 353 354
  180 355 356 357
  181 358 359 360
  182 361 362 363
  183 364
  184 365
  185 366 367 368
  186 369 370
  187 371
  188 372 373
  189 374 375 376
  190 377 378 379
  191 380 440
  192 381
  193 382
  194 383 384 385
  195 386 387
  196 388 389 390
  197 391 392
  198 393 394
  199 395 396 397
  200 398
  201 399
  202 400
  203 401 402 382
  204 403 404 405
  205 406 407
  206 408 409
  207 410
  208 411 412
  209 413
  210 414 415 416
  211 417 418
  212 419 92 113
  213 420
  214 421
  215 422 423
  216 424 425 426
  217 427
  218 428 429
  219 430 431 49
  220 432
  221 433
  222 434
  223 435
  224 436
  225 437 438 439
  226 440 441 442
  227 443 444
  228 445 446 447
  229 448 449
  230 450
  231 451 452 453
  232 454 455
  233 456 457 458
  234 459 460 461
  235 462 463
  236 464 465
  237 466
  238 467 468 469
  239 470 496
  240 471 472
  241 473
  242 474 475 476
  243 477 478 479
  244 480 481 482
  245 483 484 485
  246 486 487 488
  247 489 490
  248 491 492 493
  249 494 495
  250 496 497 498 81
  251 499 500 501
TIME_AVAIL_SECTION
  1 1
  2 1
  3 1
  4 1
  5 1
  6 1
  7 1
  8 1
  9 1
  10 1
  11 1
  12 1
  13 1
  14 1
  15 1
  16 1
  17 1
  18 1
  19 1
  20 1
  21 1
  22 1
  23 1
  24 1
  25 1
  26 1
  27 1
  28 1
  29 1
  30 1
  31 1
  32 1
  33 1
  34 1
  35 1
  36 1
  37 1
  38 1
  39 1
  40 1
  41 1
  42 1
  43 1
  44 1
  45 1
  46 1
  47 1
  48 1
  49 1
  50 1
  51 1
  52 1
  53 1
  54 1
  55 1
  56 1
  57 1
  58 1
  59 1
  60 1
  61 1
  62 1
  63 1
  64 1
  65 1
  66 1
  67 1
  68 1
  69 1
  70 1
  71 1
  72 1
  73 1
  74 1
  75 1
  76 1
  77 1
  78 1
  79 1
  80 1
  81 1
  82 1
  83 1
  84 1
  85 1
  86 1
  87 1
  88 1
  89 1
  90 1
  91 1
  92 1
  93 1
  94 1
  95 1
  96 1
  97 1
  98 1
  99 1
  100 1
  101 1
  102 1
  103 1
  104 1
  105 1
  106 1
  107 1
  108 1
  109 1
  110 1
  111 1
  112 1
  113 1
  114 1
  115 1
  116 1
  117 1
  118 1
  119 1
  120 1
  121 1
  122 1
  123 1
  124 1
  125 1
  126 1
  127 1
  128 1
  129 1
  130 1
  131 1
  132 1
  133 1
  134 1
  135 1
  136 1
  137 1
  138 1
  139 1
  140 1
  141 1
  142 1
  143 1
  144 1
  145 1
  146 1
  147 1
  148 1
  149 1
  150 1
  151 1
  152 1
  153 1
  154 1
  155 1
  156 1
  157 1
  158 1
  159 1
  160 1
  161 1
  162 1
  163 1
  164 1
  165 1
  166 1
  167 1
  168 1
  169 1
  170 1
  171 1
  172 1
  173 1
  174 1
  175 1
  176 1
  177 1
  178 1
  179 1
  180 1
  181 1
  182 1
  183 1
  184 1
  185 1
  186 1
  187 1
  188 1
  189 1
  190 1
  191 1
  192 1
  193 1
  194 1
  195 1
  196 1
  197 1
  198 1
  199 1
  200 1
  201 1
  202 1
  203 1
  204 1
  205 1
  206 1
  207 1
  208 1
  209 1
  210 1
  211 1
  212 1
  213 1
  214 1
  215 1
  216 1
  217 1
  218 1
  219 1
  220 1
  221 1
  222 1
  223 1
  224 1
  225 1
  226 1
  227 1
  228 1
  229 1
  230 1
  231 1
  232 1
  233 1
  234 1
  235 1
  236 1
  237 1
  238 1
  239 1
  240 1
  241 1
  242 1
  243 1
  244 1
  245 1
  246 1
  247 1
  248 1
  249 1
  250 1
  251 1
EOF
