VRPTEST 1.0
COMMENT: descr: Modified tsplib for the OBP
COMMENT: Best known objective: 5725.488
COMMENT: Computational time (s): 1307.07288
NAME: c1012_6a47
NUM_CAPACITIES: 1
NUM_VISITS: 1012
NUM_VEHICLES: 26
CAPACITIES: 25
DATA_SECTION
DEPOTS
  0
  1
VISIT_LOCATION_SECTION
  2 727
  3 1717
  4 1001
  5 1446
  6 1448
  7 1426
  8 1192
  9 1338
  10 1995
  11 98
  12 93
  13 2065
  14 737
  15 121
  16 103
  17 1815
  18 1621
  19 1391
  20 568
  21 1276
  22 2113
  23 1880
  24 719
  25 136
  26 1334
  27 509
  28 1062
  29 2161
  30 464
  31 743
  32 2064
  33 2123
  34 298
  35 1992
  36 1300
  37 366
  38 946
  39 1877
  40 1962
  41 1604
  42 339
  43 1091
  44 327
  45 148
  46 2034
  47 1095
  48 2143
  49 875
  50 101
  51 611
  52 1594
  53 1452
  54 1127
  55 2164
  56 1750
  57 652
  58 13
  59 1045
  60 369
  61 165
  62 867
  63 1530
  64 833
  65 658
  66 1184
  67 205
  68 1507
  69 1762
  70 184
  71 1238
  72 1975
  73 512
  74 30
  75 4
  76 2017
  77 1224
  78 1072
  79 1251
  80 21
  81 760
  82 110
  83 2081
  84 1922
  85 1339
  86 428
  87 1414
  88 468
  89 2089
  90 888
  91 911
  92 1508
  93 2136
  94 548
  95 606
  96 1491
  97 1730
  98 1483
  99 372
  100 1843
  101 890
  102 647
  103 281
  104 198
  105 1897
  106 1838
  107 1039
  108 2168
  109 1341
  110 1726
  111 1025
  112 486
  113 207
  114 1861
  115 374
  116 1638
  117 800
  118 1173
  119 1984
  120 1693
  121 364
  122 811
  123 755
  124 1709
  125 10
  126 510
  127 2162
  128 977
  129 642
  130 146
  131 1223
  132 134
  133 350
  134 524
  135 1329
  136 153
  137 1569
  138 303
  139 936
  140 418
  141 688
  142 711
  143 2021
  144 855
  145 218
  146 300
  147 1865
  148 900
  149 1933
  150 390
  151 302
  152 79
  153 1661
  154 1156
  155 447
  156 2047
  157 673
  158 793
  159 1118
  160 1980
  161 252
  162 1010
  163 1734
  164 1705
  165 415
  166 1077
  167 830
  168 126
  169 1148
  170 127
  171 381
  172 839
  173 1846
  174 812
  175 352
  176 592
  177 633
  178 2068
  179 1631
  180 703
  181 596
  182 1333
  183 175
  184 978
  185 1582
  186 2059
  187 861
  188 869
  189 668
  190 1002
  191 1550
  192 1823
  193 2084
  194 243
  195 1645
  196 228
  197 569
  198 1751
  199 1899
  200 1175
  201 1741
  202 2170
  203 838
  204 1211
  205 437
  206 245
  207 1696
  208 1281
  209 347
  210 1122
  211 1769
  212 599
  213 1671
  214 1808
  215 244
  216 537
  217 1678
  218 392
  219 786
  220 1165
  221 2067
  222 1318
  223 1456
  224 6
  225 2057
  226 2121
  227 1683
  228 602
  229 24
  230 1404
  231 1345
  232 865
  233 752
  234 907
  235 678
  236 301
  237 1805
  238 1856
  239 192
  240 171
  241 1431
  242 646
  243 1608
  244 1487
  245 318
  246 1647
  247 416
  248 1881
  249 1406
  250 1098
  251 1747
  252 1055
  253 379
  254 1672
  255 796
  256 1603
  257 1875
  258 133
  259 2040
  260 159
  261 574
  262 640
  263 1727
  264 851
  265 909
  266 1235
  267 638
  268 843
  269 1197
  270 313
  271 1498
  272 854
  273 62
  274 1606
  275 1976
  276 1102
  277 213
  278 935
  279 1986
  280 1459
  281 1079
  282 1471
  283 346
  284 2117
  285 1048
  286 1974
  287 1248
  288 1101
  289 223
  290 583
  291 1892
  292 434
  293 822
  294 1617
  295 1429
  296 1561
  297 1117
  298 1789
  299 731
  300 1295
  301 104
  302 689
  303 1664
  304 113
  305 1821
  306 1501
  307 197
  308 2152
  309 547
  310 462
  311 1114
  312 459
  313 1124
  314 2054
  315 1931
  316 983
  317 387
  318 992
  319 779
  320 1793
  321 1587
  322 259
  323 1166
  324 1052
  325 1009
  326 922
  327 657
  328 1279
  329 864
  330 371
  331 1926
  332 1030
  333 2030
  334 181
  335 1080
  336 1186
  337 823
  338 84
  339 150
  340 1615
  341 483
  342 1008
  343 1287
  344 1679
  345 999
  346 1918
  347 320
  348 265
  349 1034
  350 582
  351 43
  352 144
  353 1085
  354 1872
  355 1914
  356 1472
  357 1307
  358 1088
  359 775
  360 1791
  361 27
  362 960
  363 1007
  364 1991
  365 1618
  366 921
  367 1891
  368 1328
  369 1547
  370 1537
  371 1289
  372 1436
  373 682
  374 1911
  375 532
  376 288
  377 1607
  378 2118
  379 1680
  380 1733
  381 1675
  382 814
  383 1177
  384 445
  385 1020
  386 1749
  387 80
  388 1908
  389 692
  390 249
  391 601
  392 380
  393 1612
  394 527
  395 1485
  396 1970
  397 1795
  398 2079
  399 770
  400 1977
  401 1424
  402 31
  403 2145
  404 219
  405 250
  406 405
  407 233
  408 130
  409 1853
  410 514
  411 1777
  412 1031
  413 1265
  414 949
  415 1883
  416 1841
  417 1363
  418 2132
  419 282
  420 1768
  421 1666
  422 16
  423 1686
  424 1314
  425 1015
  426 1525
  427 1205
  428 1296
  429 724
  430 987
  431 1544
  432 3
  433 51
  434 1038
  435 1306
  436 59
  437 511
  438 1074
  439 117
  440 1580
  441 56
  442 125
  443 2073
  444 758
  445 340
  446 1379
  447 1524
  448 891
  449 2032
  450 135
  451 1317
  452 789
  453 903
  454 1740
  455 1087
  456 1004
  457 336
  458 1370
  459 1969
  460 1800
  461 140
  462 1155
  463 1189
  464 995
  465 777
  466 1105
  467 1557
  468 1905
  469 1432
  470 588
  471 1326
  472 2060
  473 1474
  474 1954
  475 446
  476 721
  477 1457
  478 1443
  479 1119
  480 632
  481 11
  482 1685
  483 2009
  484 1013
  485 1729
  486 1948
  487 913
  488 1503
  489 605
  490 2098
  491 1513
  492 1952
  493 1044
  494 1081
  495 2142
  496 2070
  497 558
  498 1527
  499 1244
  500 1358
  501 246
  502 1249
  503 1731
  504 1084
  505 1708
  506 683
  507 1396
  508 227
  509 879
  510 609
  511 160
  512 395
  513 1066
  514 577
  515 2045
  516 456
  517 680
  518 1798
  519 199
  520 357
  521 2039
  522 795
  523 684
  524 1082
  525 240
  526 2119
  527 1366
  528 1809
  529 45
  530 819
  531 584
  532 354
  533 1464
  534 1477
  535 317
  536 671
  537 1543
  538 1374
  539 1344
  540 1703
  541 1255
  542 1129
  543 1188
  544 570
  545 1422
  546 967
  547 1882
  548 859
  549 1521
  550 2058
  551 1786
  552 484
  553 556
  554 2101
  555 1325
  556 873
  557 277
  558 968
  559 1863
  560 496
  561 1179
  562 1476
  563 1510
  564 193
  565 645
  566 2095
  567 542
  568 986
  569 697
  570 194
  571 479
  572 1820
  573 572
  574 1971
  575 2138
  576 461
  577 607
  578 1267
  579 1689
  580 438
  581 1174
  582 1462
  583 1847
  584 934
  585 612
  586 1885
  587 1214
  588 1710
  589 959
  590 1784
  591 1917
  592 401
  593 1739
  594 1848
  595 1413
  596 749
  597 1560
  598 1658
  599 1111
  600 1625
  601 1377
  602 544
  603 1060
  604 1313
  605 473
  606 186
  607 362
  608 1259
  609 287
  610 1819
  611 2120
  612 216
  613 2014
  614 2105
  615 1090
  616 585
  617 773
  618 664
  619 1772
  620 382
  621 2158
  622 1643
  623 1907
  624 507
  625 1850
  626 474
  627 1688
  628 284
  629 344
  630 947
  631 1285
  632 1113
  633 835
  634 403
  635 478
  636 1023
  637 235
  638 2061
  639 876
  640 1372
  641 443
  642 523
  643 1492
  644 930
  645 1190
  646 562
  647 639
  648 955
  649 2029
  650 756
  651 2091
  652 1389
  653 1183
  654 676
  655 220
  656 765
  657 1546
  658 887
  659 1086
  660 353
  661 488
  662 1388
  663 966
  664 290
  665 2080
  666 242
  667 345
  668 451
  669 929
  670 257
  671 1207
  672 655
  673 88
  674 275
  675 1630
  676 1627
  677 974
  678 1096
  679 1915
  680 1266
  681 716
  682 325
  683 1367
  684 493
  685 419
  686 236
  687 161
  688 1332
  689 423
  690 1239
  691 1470
  692 641
  693 1172
  694 634
  695 1303
  696 296
  697 1545
  698 1217
  699 728
  700 1650
  701 1394
  702 817
  703 2
  704 463
  705 962
  706 2154
  707 1003
  708 492
  709 1659
  710 1600
  711 1864
  712 1058
  713 2027
  714 120
  715 158
  716 196
  717 1320
  718 856
  719 530
  720 1360
  721 1949
  722 1275
  723 906
  724 1412
  725 49
  726 7
  727 383
  728 1218
  729 1900
  730 1435
  731 733
  732 1748
  733 2011
  734 709
  735 648
  736 1896
  737 458
  738 404
  739 774
  740 1983
  741 328
  742 1785
  743 1834
  744 1143
  745 498
  746 1355
  747 96
  748 212
  749 705
  750 329
  751 1346
  752 732
  753 47
  754 622
  755 341
  756 1670
  757 1936
  758 1532
  759 1837
  760 778
  761 231
  762 1830
  763 1614
  764 18
  765 37
  766 52
  767 686
  768 2096
  769 663
  770 2043
  771 1140
  772 1700
  773 701
  774 675
  775 1397
  776 335
  777 2012
  778 1563
  779 925
  780 2063
  781 417
  782 1233
  783 1282
  784 831
  785 1702
  786 815
  787 792
  788 276
  789 1497
  790 450
  791 123
  792 2134
  793 1383
  794 624
  795 1450
  796 457
  797 1297
  798 904
  799 1467
  800 1453
  801 1245
  802 1499
  803 254
  804 1076
  805 1928
  806 1736
  807 1818
  808 54
  809 1130
  810 71
  811 1695
  812 1106
  813 1402
  814 1195
  815 430
  816 1354
  817 1141
  818 138
  819 573
  820 571
  821 226
  822 39
  823 1330
  824 2008
  825 1583
  826 734
  827 215
  828 1415
  829 989
  830 422
  831 204
  832 667
  833 1359
  834 932
  835 502
  836 933
  837 954
  838 841
  839 42
  840 1776
  841 1047
  842 1989
  843 1893
  844 1588
  845 1405
  846 1825
  847 1794
  848 397
  849 804
  850 331
  851 2053
  852 1230
  853 691
  854 1490
  855 1198
  856 1185
  857 425
  858 1169
  859 2004
  860 1260
  861 1827
  862 1941
  863 2007
  864 1764
  865 759
  866 751
  867 1257
  868 2153
  869 308
  870 77
  871 1378
  872 2102
  873 809
  874 837
  875 299
  876 1439
  877 489
  878 1147
  879 269
  880 211
  881 802
  882 1586
  883 1839
  884 200
  885 1765
  886 519
  887 1132
  888 1780
  889 1371
  890 1676
  891 2131
  892 1517
  893 923
  894 1049
  895 1425
  896 472
  897 19
  898 2125
  899 2110
  900 1504
  901 893
  902 1981
  903 1164
  904 1054
  905 1901
  906 263
  907 1362
  908 806
  909 513
  910 1774
  911 75
  912 1201
  913 1651
  914 1817
  915 1384
  916 970
  917 2077
  918 729
  919 2169
  920 1553
  921 2025
COMMENT: TIMESTEP: 1
ORDERS_SECTION
  1 2 3
  2 4 5
  3 6
  4 7 8
  5 9 10
  6 11 12
  7 13 14
  8 15
  9 16
  10 17 18
  11 19 20
  12 21 22
  13 23
  14 24 25
  15 26
  16 27 28 296
  17 29 30
  18 31 32
  19 33
  20 34
  21 35 36
  22 37 38
  23 39
  24 40 41
  25 42
  26 43 96
  27 44 45 92
  28 46 47
  29 48
  30 49
  31 50 51
  32 52
  33 53 809
  34 54 55
  35 56
  36 57 58
  37 59
  38 60 61
  39 62 63
  40 64 65
  41 66
  42 67 615
  43 68 864
  44 69 70
  45 71 72
  46 73
  47 74
  48 75 317
  49 76 77
  50 78 79
  51 80 81 309
  52 82 83
  53 84 85
  54 86
  55 87 231 506
  56 88
  57 89
  58 90
  59 91 712
  60 92
  61 93 94
  62 95 169
  63 96
  64 97 164
  65 98 99
  66 100
  67 101 102
  68 103 104
  69 105 106
  70 107 108
  71 109
  72 110
  73 111 112
  74 113 114
  75 115
  76 116
  77 117 118
  78 119 120
  79 121 122
  80 123
  81 124 125
  82 126
  83 127 128
  84 129
  85 130
  86 131 132
  87 133
  88 134
  89 135 136
  90 137 138
  91 139 140
  92 141
  93 142
  94 143
  95 144 145
  96 146 147
  97 148 149
  98 150 151
  99 152
  100 153 154
  101 155 825
  102 156
  103 157 158
  104 159 160
  105 161 162 473
  106 163
  107 164 165
  108 166
  109 167 168
  110 169 170
  111 171 172
  112 173
  113 174 175
  114 176
  115 177
  116 178
  117 179 566
  118 180 181
  119 182 183
  120 184
  121 185
  122 186
  123 187 188
  124 189
  125 190 191
  126 192
  127 193 194
  128 195 196
  129 197
  130 198
  131 199
  132 200 201
  133 202
  134 203 204
  135 205 205
  136 206 207
  137 208
  138 209 529
  139 210
  140 211 212
  141 213 214
  142 215 216
  143 217 218
  144 219
  145 220 221
  146 222 223
  147 224 225
  148 226 227 264
  149 228 229
  150 230
  151 231 232
  152 233
  153 234 235
  154 236
  155 237
  156 238
  157 239 240
  158 241
  159 242 243
  160 244 245
  161 246 247
  162 248
  163 249 250
  164 251 252
  165 253 254
  166 255
  167 256 257
  168 258 871
  169 259
  170 260
  171 261 262
  172 263 264
  173 265 266
  174 267
  175 268 269
  176 270
  177 271 272
  178 273
  179 274 189
  180 275
  181 276 277
  182 278
  183 279 280
  184 281
  185 282
  186 283 465
  187 284
  188 285
  189 286 287
  190 288
  191 289 86 411
  192 290 291
  193 292
  194 293
  195 294
  196 295
  197 296 297
  198 298 299
  199 300 301
  200 302
  201 303 304
  202 305
  203 306
  204 307
  205 308
  206 309 473
  207 310 311 432
  208 312
  209 313
  210 314 315
  211 316 904
  212 317
  213 318
  214 319 320
  215 321
  216 322
  217 323
  218 324 325 788 204
  219 326
  220 327 328
  221 329 330
  222 331
  223 332
  224 333 334 354
  225 335 336
  226 337
  227 338
  228 339
  229 340
  230 341
  231 342
  232 343 344
  233 345 75
  234 346 347
  235 348 349 385
  236 350
  237 351
  238 352 353
  239 354 355
  240 356
  241 357 358
  242 359 360
  243 361 362
  244 363
  245 364 185
  246 365
  247 366
  248 367 368
  249 369
  250 370
  251 371 372
  252 373 65
  253 374
  254 375
  255 376 377
  256 378 746
  257 379 380
  258 381
  259 382
  260 383 384
  261 385 386
  262 387 388
  263 389
  264 390 601 380
  265 391
  266 392 393
  267 394
  268 395
  269 396
  270 397
  271 398 399
  272 400 794
  273 401 402
  274 403 404
  275 405
  276 406
  277 407 408
  278 409 410
  279 411
  280 412
  281 413 414
  282 415
  283 416
  284 417
  285 418 419
  286 420
  287 421
  288 422
  289 423 424
  290 425 571
  291 426 427 438
  292 428 429
  293 430 431
  294 432
  295 433 434
  296 435
  297 436
  298 437 306
  299 438
  300 439
  301 440 441
  302 442 443
  303 444
  304 445
  305 446
  306 447 448
  307 449 450
  308 451 452
  309 453 454
  310 455
  311 456 457 293 661
  312 458 459
  313 460 461
  314 462 463
  315 464
  316 465 466
  317 467 468
  318 469 470
  319 471
  320 472 473
  321 474 475
  322 476 477
  323 478
  324 479
  325 480 481
  326 482
  327 483 484
  328 485 486
  329 487
  330 488
  331 489 490
  332 491
  333 492
  334 493 35
  335 494 495
  336 496 497
  337 498 499
  338 500
  339 501 502
  340 503 504
  341 505 506
  342 507 508
  343 509 510
  344 511 512
  345 513 514
  346 515 516
  347 517
  348 518 519 776 649
  349 520
  350 521
  351 522 523
  352 524
  353 525 442
  354 526 527
  355 528
  356 529 530
  357 531
  358 532
  359 533
  360 534 434
  361 535 536
  362 537 538
  363 539 540
  364 541 542
  365 543 544
  366 545 231
  367 546 547
  368 548
  369 549 550
  370 551
  371 552
  372 553
  373 554 555
  374 556 557
  375 558
  376 559
  377 560 561
  378 562 495
  379 563 564
  380 565
  381 566
  382 567 568
  383 569
  384 570
  385 571
  386 572 573
  387 574 896
  388 575
  389 576 577
  390 578
  391 579 580
  392 581
  393 582 583
  394 584 585
  395 586 763
  396 587
  397 588 589
  398 590 591
  399 592 593
  400 594 354
  401 595
  402 596 597
  403 598 599
  404 600
  405 601 602 220
  406 603 604
  407 605
  408 606
  409 607 608
  410 609 610
  411 611 425
  412 612 613
  413 614 615
  414 616 617
  415 618 619
  416 620 665
  417 621 622
  418 623 624
  419 625 626
  420 627 628 267
  421 629 126
  422 630
  423 631
  424 632 633
  425 634
  426 635
  427 636 637
  428 638 639
  429 640
  430 641 785
  431 642
  432 643
  433 644
  434 645 646 630
  435 647
  436 648 599 600
  437 649
  438 650
  439 651 652 756
  440 653 809
  441 654
  442 655
  443 656 672
  444 657 658
  445 659
  446 660
  447 661
  448 662 663
  449 664 665
  450 666
  451 667
  452 668 669
  453 670 671
  454 672
  455 673 674 512
  456 675 676
  457 677 678 648 651
  458 679
  459 680 166
  460 681
  461 682 683
  462 684 685
  463 686 687
  464 688
  465 689 690 120
  466 691
  467 692 693
  468 694 695
  469 696 697
  470 698
  471 699 700
  472 701
  473 702 703
  474 704
  475 705
  476 706
  477 707 708
  478 709 710
  479 711 712
  480 713 714
  481 715 716
  482 717 214
  483 718
  484 719 720
  485 721 722 392 367
  486 723 724 729
  487 725 726
  488 727 728 675
  489 729
  490 730
  491 731
  492 732 733
  493 734
  494 735
  495 736 737
  496 738
  497 739 740 448
  498 741 742
  499 743
  500 744 745
  501 746
  502 747 748
  503 749
  504 750
  505 751 752 520
  506 753 810
  507 754
  508 755
  509 756
  510 757
  511 758 759
  512 760 761
  513 762
  514 763 764
  515 765 766
  516 767
  517 768
  518 769
  519 770
  520 771 772
  521 773 774
  522 775 804
  523 776
  524 777
  525 778 779
  526 780
  527 781 116
  528 782 783 793
  529 784
  530 785
  531 786
  532 787
  533 788 789
  534 790
  535 791 315
  536 792
  537 793 794
  538 795 796
  539 797
  540 798 799
  541 800
  542 801 802
  543 803
  544 804
  545 805
  546 806
  547 807 808
  548 809 810
  549 811
  550 812
  551 813
  552 814 815
  553 816 817
  554 818
  555 819
  556 820
  557 821 33
  558 822
  559 823
  560 824
  561 825
  562 826
  563 827 828
  564 829 830
  565 831 832
  566 833 251
  567 834
  568 835 836
  569 837
  570 838 839
  571 840 841
  572 842 843
  573 844 845
  574 846
  575 847 848
  576 849 850
  577 851
  578 852 853 27
  579 854 855
  580 856 857
  581 858
  582 859 860
  583 861
  584 862 863
  585 864 865
  586 866
  587 867
  588 868
  589 869
  590 870 871 233
  591 872 873 202
  592 874
  593 875
  594 876
  595 877
  596 878
  597 879 880
  598 881 882
  599 883
  600 884 885
  601 886
  602 887
  603 888
  604 889 890
  605 891
  606 892 893
  607 894
  608 895 896
  609 897 393 190
  610 898
  611 899 900
  612 901
  613 902
  614 903 904
  615 905 906
  616 907 908
  617 909
  618 910 277
  619 911
  620 912 913
  621 914
  622 915 916 369
  623 917
  624 918 919
  625 920 921 143
TIME_AVAIL_SECTION
  1 1
  2 1
  3 1
  4 1
  5 1
  6 1
  7 1
  8 1
  9 1
  10 1
  11 1
  12 1
  13 1
  14 1
  15 1
  16 1
  17 1
  18 1
  19 1
  20 1
  21 1
  22 1
  23 1
  24 1
  25 1
  26 1
  27 1
  28 1
  29 1
  30 1
  31 1
  32 1
  33 1
  34 1
  35 1
  36 1
  37 1
  38 1
  39 1
  40 1
  41 1
  42 1
  43 1
  44 1
  45 1
  46 1
  47 1
  48 1
  49 1
  50 1
  51 1
  52 1
  53 1
  54 1
  55 1
  56 1
  57 1
  58 1
  59 1
  60 1
  61 1
  62 1
  63 1
  64 1
  65 1
  66 1
  67 1
  68 1
  69 1
  70 1
  71 1
  72 1
  73 1
  74 1
  75 1
  76 1
  77 1
  78 1
  79 1
  80 1
  81 1
  82 1
  83 1
  84 1
  85 1
  86 1
  87 1
  88 1
  89 1
  90 1
  91 1
  92 1
  93 1
  94 1
  95 1
  96 1
  97 1
  98 1
  99 1
  100 1
  101 1
  102 1
  103 1
  104 1
  105 1
  106 1
  107 1
  108 1
  109 1
  110 1
  111 1
  112 1
  113 1
  114 1
  115 1
  116 1
  117 1
  118 1
  119 1
  120 1
  121 1
  122 1
  123 1
  124 1
  125 1
  126 1
  127 1
  128 1
  129 1
  130 1
  131 1
  132 1
  133 1
  134 1
  135 1
  136 1
  137 1
  138 1
  139 1
  140 1
  141 1
  142 1
  143 1
  144 1
  145 1
  146 1
  147 1
  148 1
  149 1
  150 1
  151 1
  152 1
  153 1
  154 1
  155 1
  156 1
  157 1
  158 1
  159 1
  160 1
  161 1
  162 1
  163 1
  164 1
  165 1
  166 1
  167 1
  168 1
  169 1
  170 1
  171 1
  172 1
  173 1
  174 1
  175 1
  176 1
  177 1
  178 1
  179 1
  180 1
  181 1
  182 1
  183 1
  184 1
  185 1
  186 1
  187 1
  188 1
  189 1
  190 1
  191 1
  192 1
  193 1
  194 1
  195 1
  196 1
  197 1
  198 1
  199 1
  200 1
  201 1
  202 1
  203 1
  204 1
  205 1
  206 1
  207 1
  208 1
  209 1
  210 1
  211 1
  212 1
  213 1
  214 1
  215 1
  216 1
  217 1
  218 1
  219 1
  220 1
  221 1
  222 1
  223 1
  224 1
  225 1
  226 1
  227 1
  228 1
  229 1
  230 1
  231 1
  232 1
  233 1
  234 1
  235 1
  236 1
  237 1
  238 1
  239 1
  240 1
  241 1
  242 1
  243 1
  244 1
  245 1
  246 1
  247 1
  248 1
  249 1
  250 1
  251 1
  252 1
  253 1
  254 1
  255 1
  256 1
  257 1
  258 1
  259 1
  260 1
  261 1
  262 1
  263 1
  264 1
  265 1
  266 1
  267 1
  268 1
  269 1
  270 1
  271 1
  272 1
  273 1
  274 1
  275 1
  276 1
  277 1
  278 1
  279 1
  280 1
  281 1
  282 1
  283 1
  284 1
  285 1
  286 1
  287 1
  288 1
  289 1
  290 1
  291 1
  292 1
  293 1
  294 1
  295 1
  296 1
  297 1
  298 1
  299 1
  300 1
  301 1
  302 1
  303 1
  304 1
  305 1
  306 1
  307 1
  308 1
  309 1
  310 1
  311 1
  312 1
  313 1
  314 1
  315 1
  316 1
  317 1
  318 1
  319 1
  320 1
  321 1
  322 1
  323 1
  324 1
  325 1
  326 1
  327 1
  328 1
  329 1
  330 1
  331 1
  332 1
  333 1
  334 1
  335 1
  336 1
  337 1
  338 1
  339 1
  340 1
  341 1
  342 1
  343 1
  344 1
  345 1
  346 1
  347 1
  348 1
  349 1
  350 1
  351 1
  352 1
  353 1
  354 1
  355 1
  356 1
  357 1
  358 1
  359 1
  360 1
  361 1
  362 1
  363 1
  364 1
  365 1
  366 1
  367 1
  368 1
  369 1
  370 1
  371 1
  372 1
  373 1
  374 1
  375 1
  376 1
  377 1
  378 1
  379 1
  380 1
  381 1
  382 1
  383 1
  384 1
  385 1
  386 1
  387 1
  388 1
  389 1
  390 1
  391 1
  392 1
  393 1
  394 1
  395 1
  396 1
  397 1
  398 1
  399 1
  400 1
  401 1
  402 1
  403 1
  404 1
  405 1
  406 1
  407 1
  408 1
  409 1
  410 1
  411 1
  412 1
  413 1
  414 1
  415 1
  416 1
  417 1
  418 1
  419 1
  420 1
  421 1
  422 1
  423 1
  424 1
  425 1
  426 1
  427 1
  428 1
  429 1
  430 1
  431 1
  432 1
  433 1
  434 1
  435 1
  436 1
  437 1
  438 1
  439 1
  440 1
  441 1
  442 1
  443 1
  444 1
  445 1
  446 1
  447 1
  448 1
  449 1
  450 1
  451 1
  452 1
  453 1
  454 1
  455 1
  456 1
  457 1
  458 1
  459 1
  460 1
  461 1
  462 1
  463 1
  464 1
  465 1
  466 1
  467 1
  468 1
  469 1
  470 1
  471 1
  472 1
  473 1
  474 1
  475 1
  476 1
  477 1
  478 1
  479 1
  480 1
  481 1
  482 1
  483 1
  484 1
  485 1
  486 1
  487 1
  488 1
  489 1
  490 1
  491 1
  492 1
  493 1
  494 1
  495 1
  496 1
  497 1
  498 1
  499 1
  500 1
  501 1
  502 1
  503 1
  504 1
  505 1
  506 1
  507 1
  508 1
  509 1
  510 1
  511 1
  512 1
  513 1
  514 1
  515 1
  516 1
  517 1
  518 1
  519 1
  520 1
  521 1
  522 1
  523 1
  524 1
  525 1
  526 1
  527 1
  528 1
  529 1
  530 1
  531 1
  532 1
  533 1
  534 1
  535 1
  536 1
  537 1
  538 1
  539 1
  540 1
  541 1
  542 1
  543 1
  544 1
  545 1
  546 1
  547 1
  548 1
  549 1
  550 1
  551 1
  552 1
  553 1
  554 1
  555 1
  556 1
  557 1
  558 1
  559 1
  560 1
  561 1
  562 1
  563 1
  564 1
  565 1
  566 1
  567 1
  568 1
  569 1
  570 1
  571 1
  572 1
  573 1
  574 1
  575 1
  576 1
  577 1
  578 1
  579 1
  580 1
  581 1
  582 1
  583 1
  584 1
  585 1
  586 1
  587 1
  588 1
  589 1
  590 1
  591 1
  592 1
  593 1
  594 1
  595 1
  596 1
  597 1
  598 1
  599 1
  600 1
  601 1
  602 1
  603 1
  604 1
  605 1
  606 1
  607 1
  608 1
  609 1
  610 1
  611 1
  612 1
  613 1
  614 1
  615 1
  616 1
  617 1
  618 1
  619 1
  620 1
  621 1
  622 1
  623 1
  624 1
  625 1
EOF
