VRPTEST 1.0
COMMENT: descr: Modified tsplib for the OBP
COMMENT: Best known objective: 3612.0
COMMENT: Computational time (s): 3392.143157
NAME: c673_dde2
NUM_CAPACITIES: 1
NUM_VISITS: 673
NUM_VEHICLES: 14
CAPACITIES: 28
DATA_SECTION
DEPOTS
  0
  1
VISIT_LOCATION_SECTION
  2 690
  3 1337
  4 1416
  5 1212
  6 42
  7 1737
  8 77
  9 795
  10 846
  11 455
  12 270
  13 422
  14 1992
  15 1686
  16 1955
  17 37
  18 446
  19 1012
  20 2049
  21 461
  22 2041
  23 1377
  24 896
  25 2152
  26 1569
  27 1978
  28 197
  29 1040
  30 287
  31 755
  32 2156
  33 1503
  34 1767
  35 988
  36 127
  37 1146
  38 1943
  39 1616
  40 1755
  41 681
  42 1784
  43 540
  44 1786
  45 1113
  46 1603
  47 252
  48 946
  49 1071
  50 1747
  51 693
  52 324
  53 1227
  54 1799
  55 89
  56 1539
  57 1263
  58 2096
  59 1234
  60 1645
  61 428
  62 1664
  63 1718
  64 1189
  65 1739
  66 1728
  67 1876
  68 847
  69 828
  70 1644
  71 1541
  72 1342
  73 654
  74 1878
  75 4
  76 1101
  77 383
  78 429
  79 131
  80 62
  81 1156
  82 1513
  83 1230
  84 203
  85 1999
  86 941
  87 1776
  88 1484
  89 1471
  90 256
  91 90
  92 1797
  93 947
  94 754
  95 1343
  96 1573
  97 1044
  98 1885
  99 1221
  100 407
  101 1353
  102 2132
  103 2007
  104 183
  105 2138
  106 11
  107 1379
  108 624
  109 738
  110 2023
  111 234
  112 627
  113 642
  114 899
  115 1481
  116 478
  117 1441
  118 594
  119 790
  120 1424
  121 1679
  122 1393
  123 465
  124 1373
  125 797
  126 1330
  127 1197
  128 67
  129 445
  130 2158
  131 1326
  132 1887
  133 1177
  134 1229
  135 1344
  136 1148
  137 228
  138 867
  139 818
  140 1851
  141 48
  142 530
  143 826
  144 491
  145 1643
  146 928
  147 510
  148 1983
  149 2160
  150 1696
  151 1586
  152 719
  153 1969
  154 635
  155 158
  156 198
  157 1262
  158 1252
  159 2063
  160 1905
  161 88
  162 1138
  163 1366
  164 75
  165 1324
  166 2141
  167 1798
  168 666
  169 1316
  170 1651
  171 149
  172 174
  173 1328
  174 1173
  175 1333
  176 1188
  177 1480
  178 820
  179 2164
  180 325
  181 1097
  182 1105
  183 301
  184 1915
  185 1533
  186 720
  187 1438
  188 1675
  189 1704
  190 1814
  191 267
  192 879
  193 1846
  194 1104
  195 774
  196 1350
  197 1086
  198 2098
  199 1132
  200 44
  201 823
  202 1633
  203 1595
  204 2142
  205 1927
  206 2116
  207 408
  208 1297
  209 1635
  210 1150
  211 372
  212 337
  213 469
  214 1406
  215 1754
  216 1367
  217 868
  218 1673
  219 66
  220 915
  221 1483
  222 1318
  223 839
  224 706
  225 1937
  226 1563
  227 876
  228 1397
  229 133
  230 548
  231 1429
  232 945
  233 1356
  234 476
  235 912
  236 1698
  237 1164
  238 2076
  239 1857
  240 1178
  241 612
  242 1632
  243 2027
  244 1003
  245 1142
  246 286
  247 913
  248 577
  249 759
  250 1384
  251 420
  252 997
  253 1913
  254 1129
  255 1495
  256 1914
  257 1355
  258 1547
  259 878
  260 1544
  261 184
  262 1900
  263 1676
  264 1965
  265 1080
  266 1053
  267 1219
  268 811
  269 775
  270 1945
  271 1013
  272 1002
  273 1528
  274 435
  275 2039
  276 529
  277 2108
  278 736
  279 701
  280 1844
  281 16
  282 703
  283 452
  284 564
  285 1474
  286 579
  287 1930
  288 54
  289 503
  290 728
  291 1815
  292 280
  293 368
  294 562
  295 1161
  296 212
  297 656
  298 320
  299 807
  300 841
  301 494
  302 144
  303 678
  304 520
  305 227
  306 293
  307 1556
  308 2055
  309 1016
  310 195
  311 110
  312 2123
  313 451
  314 2170
  315 597
  316 1106
  317 264
  318 386
  319 298
  320 742
  321 1195
  322 1231
  323 668
  324 1849
  325 1267
  326 423
  327 1825
  328 139
  329 2061
  330 645
  331 1690
  332 1529
  333 764
  334 98
  335 601
  336 951
  337 677
  338 135
  339 1578
  340 290
  341 232
  342 1020
  343 1910
  344 1658
  345 382
  346 1211
  347 1298
  348 2103
  349 2084
  350 1548
  351 705
  352 1452
  353 140
  354 2060
  355 157
  356 1890
  357 664
  358 1228
  359 84
  360 1609
  361 142
  362 1925
  363 2067
  364 1275
  365 458
  366 1315
  367 838
  368 1855
  369 583
  370 39
  371 1259
  372 1098
  373 1853
  374 622
  375 1800
  376 526
  377 1196
  378 1249
  379 1954
  380 1299
  381 871
  382 2080
  383 1273
  384 1649
  385 245
  386 432
  387 2059
  388 1311
  389 585
  390 730
  391 1834
  392 1625
  393 403
  394 1238
  395 2133
  396 917
  397 277
  398 1302
  399 1247
  400 1832
  401 1672
  402 1871
  403 507
  404 1521
  405 2030
  406 254
  407 424
  408 1031
  409 6
  410 1607
  411 786
  412 1295
  413 800
  414 1398
  415 1630
  416 107
  417 2115
  418 875
  419 233
  420 132
  421 2090
  422 1924
  423 995
  424 1932
  425 911
  426 2092
  427 374
  428 1274
  429 1039
  430 226
  431 822
  432 1205
  433 1382
  434 1919
  435 770
  436 473
  437 73
  438 2004
  439 2013
  440 1434
  441 1359
  442 1785
  443 1190
  444 552
  445 907
  446 1405
  447 104
  448 1216
  449 1656
  450 1858
  451 933
  452 501
  453 857
  454 630
  455 999
  456 644
  457 2095
  458 930
  459 1510
  460 1361
  461 288
  462 187
  463 1700
  464 1218
  465 1524
  466 3
  467 1768
  468 211
  469 371
  470 1239
  471 1757
  472 1192
  473 74
  474 855
  475 1677
  476 1986
  477 339
  478 602
  479 1327
  480 1462
  481 100
  482 783
  483 1709
  484 1729
  485 2065
  486 1917
  487 1339
  488 578
  489 1655
  490 319
  491 1614
  492 148
  493 746
  494 2121
  495 308
  496 1055
  497 1750
  498 1612
  499 608
  500 1711
  501 940
  502 904
  503 1689
  504 2071
  505 1631
  506 2130
  507 1057
  508 863
  509 79
  510 1038
  511 1000
  512 1882
  513 625
  514 1647
  515 1331
  516 1840
  517 101
  518 460
  519 1561
  520 661
  521 2028
  522 1095
  523 1482
  524 2038
  525 202
  526 161
  527 1455
  528 558
  529 1137
  530 806
  531 2112
  532 199
  533 985
  534 470
  535 789
  536 549
  537 1200
  538 1313
  539 1139
  540 817
  541 553
  542 813
  543 1594
  544 1149
  545 1131
  546 522
  547 2072
  548 513
  549 1899
  550 1791
  551 1982
  552 584
  553 2053
  554 1096
  555 1271
  556 275
  557 1576
  558 1459
  559 845
  560 2162
  561 1456
  562 495
  563 978
  564 1571
  565 302
  566 1817
  567 346
  568 19
  569 1981
  570 687
  571 1531
  572 17
  573 727
  574 1835
  575 1136
  576 1619
  577 128
  578 418
  579 568
  580 599
  581 328
COMMENT: TIMESTEP: 1
ORDERS_SECTION
  1 2 3
  2 4 5
  3 6 370
  4 7
  5 8 395
  6 9
  7 10 11
  8 12
  9 13 14 190 189
  10 15 16 171
  11 17
  12 18 446
  13 19 20
  14 21
  15 22 23 444
  16 24 25 368
  17 26
  18 27 28
  19 29
  20 30 31
  21 32 33
  22 34 35
  23 36 37
  24 38 196
  25 39 40 359
  26 41 42
  27 43 504 415
  28 44 45
  29 46
  30 47
  31 48 49
  32 50 51 548
  33 52
  34 53 54
  35 55
  36 56 57
  37 58 59
  38 60
  39 61 62 566
  40 63
  41 64
  42 65
  43 66 67
  44 68
  45 69 70
  46 71 72 263
  47 73
  48 74 75
  49 76
  50 77 78
  51 79
  52 80 81
  53 82 83
  54 84 85
  55 86 87
  56 88 89 315
  57 90
  58 91 92
  59 93
  60 94 95
  61 96 97
  62 98
  63 99 100 422
  64 101
  65 102 103 407
  66 104 409
  67 105 106
  68 107
  69 108 109
  70 110
  71 111
  72 112 113
  73 114
  74 115
  75 116
  76 117 118
  77 119
  78 120
  79 121
  80 122 123
  81 124 125
  82 126 127
  83 128 129
  84 130
  85 131 132
  86 133
  87 134 135
  88 136
  89 137 138
  90 139 140
  91 141 142
  92 143
  93 144 145
  94 146 147
  95 148
  96 149 226 482 581
  97 150 151
  98 152
  99 153
  100 154 155
  101 156 157
  102 158
  103 159 273
  104 160 161
  105 162 163
  106 164 165
  107 166
  108 167
  109 168 169
  110 170 171 565
  111 172
  112 173 174
  113 175 176
  114 177
  115 178 179
  116 180
  117 181
  118 182 183 268
  119 184 185
  120 186
  121 187 188
  122 189 190 19
  123 191
  124 192 193
  125 194 195
  126 196 276
  127 197 198 19
  128 199
  129 200
  130 201
  131 202 203
  132 204 205 404
  133 206 207
  134 208
  135 209 41
  136 210
  137 211
  138 212 213
  139 214 215 77
  140 216 217
  141 218 219 138
  142 220
  143 221 222 367
  144 223 224
  145 225 226
  146 227
  147 228 229
  148 230 231
  149 232
  150 233
  151 234 235
  152 236 237
  153 238 239
  154 240 241
  155 242
  156 243 244
  157 245 256
  158 246 247
  159 248 249 468
  160 250
  161 251 252
  162 253
  163 254
  164 255 256
  165 257 258 26
  166 259 568
  167 260 261
  168 262
  169 263
  170 264 173
  171 265 266
  172 267 268
  173 269 270
  174 271 272
  175 273
  176 274 275
  177 276
  178 277 278
  179 279 280
  180 281
  181 282 283
  182 284
  183 285 286
  184 287 288 177
  185 289
  186 290
  187 291 292
  188 293 294
  189 295
  190 296 297
  191 298 299
  192 300
  193 301 302
  194 303 304
  195 305 306
  196 307 458
  197 308 309
  198 310 68
  199 311
  200 312 313
  201 314 315
  202 316 317
  203 318 319
  204 320 321 273
  205 322 298
  206 323 324
  207 325 326
  208 327 328 276
  209 329 330
  210 331 456
  211 332 66
  212 333 161
  213 334
  214 335
  215 336
  216 337
  217 338 339
  218 340 341 240
  219 342
  220 343 344 389
  221 345 346
  222 347 348
  223 349 350
  224 351
  225 352 303
  226 353
  227 354
  228 355 298
  229 356 357
  230 358 359
  231 360 361
  232 362 363
  233 364
  234 365 366
  235 367
  236 368 257 396 382
  237 369 370 190
  238 371 372
  239 373
  240 374
  241 375 376
  242 377
  243 378 379 290
  244 380
  245 381 382
  246 383 384
  247 385 160
  248 386 387
  249 388 389
  250 390 391
  251 392 393
  252 394 395
  253 396
  254 397 8
  255 398 209
  256 399 537
  257 400
  258 401 402
  259 403 404
  260 405 71
  261 406 407
  262 408
  263 409 443
  264 410 411
  265 412
  266 413
  267 414
  268 415
  269 416 417
  270 418
  271 419 420
  272 421
  273 422 423 102
  274 424
  275 425 426 211
  276 427 444
  277 428 429
  278 430 431
  279 432 433
  280 434 435
  281 436 437
  282 438
  283 439 440
  284 441
  285 442
  286 443
  287 444
  288 445 446
  289 447
  290 448 449
  291 450
  292 451
  293 452
  294 453
  295 454 244
  296 455
  297 456 457
  298 458 459 179
  299 460 536
  300 461
  301 462 463
  302 464
  303 465 466
  304 467 68
  305 468 469
  306 470 471 154
  307 472 508
  308 473 474
  309 475 476
  310 477
  311 478 491 136
  312 479
  313 480
  314 481
  315 482 483 480
  316 484 485
  317 486 487
  318 488 489
  319 490
  320 491 206 125 199
  321 492 493
  322 494 495 436
  323 496 497 354
  324 498 188
  325 499
  326 500 501
  327 502
  328 503
  329 504
  330 505 239
  331 506
  332 507 508
  333 509 510
  334 511 512
  335 513 514
  336 515 516 52 34
  337 517 518 57
  338 519
  339 520 521
  340 522
  341 523
  342 524 525
  343 526
  344 527 174
  345 528
  346 529 530
  347 531
  348 532
  349 533
  350 534 535
  351 536
  352 537 538
  353 539 540
  354 541
  355 542
  356 543 544
  357 545 546
  358 547 548 409
  359 549 550
  360 551 552 196
  361 553 554 318
  362 555 556
  363 557 558
  364 559
  365 560 561
  366 562 563 488
  367 564 154 273
  368 565 566
  369 567 568 336
  370 569
  371 570 137
  372 571
  373 572 573
  374 574 575
  375 576
  376 577 578
  377 579 580
  378 581
TIME_AVAIL_SECTION
  1 1
  2 1
  3 1
  4 1
  5 1
  6 1
  7 1
  8 1
  9 1
  10 1
  11 1
  12 1
  13 1
  14 1
  15 1
  16 1
  17 1
  18 1
  19 1
  20 1
  21 1
  22 1
  23 1
  24 1
  25 1
  26 1
  27 1
  28 1
  29 1
  30 1
  31 1
  32 1
  33 1
  34 1
  35 1
  36 1
  37 1
  38 1
  39 1
  40 1
  41 1
  42 1
  43 1
  44 1
  45 1
  46 1
  47 1
  48 1
  49 1
  50 1
  51 1
  52 1
  53 1
  54 1
  55 1
  56 1
  57 1
  58 1
  59 1
  60 1
  61 1
  62 1
  63 1
  64 1
  65 1
  66 1
  67 1
  68 1
  69 1
  70 1
  71 1
  72 1
  73 1
  74 1
  75 1
  76 1
  77 1
  78 1
  79 1
  80 1
  81 1
  82 1
  83 1
  84 1
  85 1
  86 1
  87 1
  88 1
  89 1
  90 1
  91 1
  92 1
  93 1
  94 1
  95 1
  96 1
  97 1
  98 1
  99 1
  100 1
  101 1
  102 1
  103 1
  104 1
  105 1
  106 1
  107 1
  108 1
  109 1
  110 1
  111 1
  112 1
  113 1
  114 1
  115 1
  116 1
  117 1
  118 1
  119 1
  120 1
  121 1
  122 1
  123 1
  124 1
  125 1
  126 1
  127 1
  128 1
  129 1
  130 1
  131 1
  132 1
  133 1
  134 1
  135 1
  136 1
  137 1
  138 1
  139 1
  140 1
  141 1
  142 1
  143 1
  144 1
  145 1
  146 1
  147 1
  148 1
  149 1
  150 1
  151 1
  152 1
  153 1
  154 1
  155 1
  156 1
  157 1
  158 1
  159 1
  160 1
  161 1
  162 1
  163 1
  164 1
  165 1
  166 1
  167 1
  168 1
  169 1
  170 1
  171 1
  172 1
  173 1
  174 1
  175 1
  176 1
  177 1
  178 1
  179 1
  180 1
  181 1
  182 1
  183 1
  184 1
  185 1
  186 1
  187 1
  188 1
  189 1
  190 1
  191 1
  192 1
  193 1
  194 1
  195 1
  196 1
  197 1
  198 1
  199 1
  200 1
  201 1
  202 1
  203 1
  204 1
  205 1
  206 1
  207 1
  208 1
  209 1
  210 1
  211 1
  212 1
  213 1
  214 1
  215 1
  216 1
  217 1
  218 1
  219 1
  220 1
  221 1
  222 1
  223 1
  224 1
  225 1
  226 1
  227 1
  228 1
  229 1
  230 1
  231 1
  232 1
  233 1
  234 1
  235 1
  236 1
  237 1
  238 1
  239 1
  240 1
  241 1
  242 1
  243 1
  244 1
  245 1
  246 1
  247 1
  248 1
  249 1
  250 1
  251 1
  252 1
  253 1
  254 1
  255 1
  256 1
  257 1
  258 1
  259 1
  260 1
  261 1
  262 1
  263 1
  264 1
  265 1
  266 1
  267 1
  268 1
  269 1
  270 1
  271 1
  272 1
  273 1
  274 1
  275 1
  276 1
  277 1
  278 1
  279 1
  280 1
  281 1
  282 1
  283 1
  284 1
  285 1
  286 1
  287 1
  288 1
  289 1
  290 1
  291 1
  292 1
  293 1
  294 1
  295 1
  296 1
  297 1
  298 1
  299 1
  300 1
  301 1
  302 1
  303 1
  304 1
  305 1
  306 1
  307 1
  308 1
  309 1
  310 1
  311 1
  312 1
  313 1
  314 1
  315 1
  316 1
  317 1
  318 1
  319 1
  320 1
  321 1
  322 1
  323 1
  324 1
  325 1
  326 1
  327 1
  328 1
  329 1
  330 1
  331 1
  332 1
  333 1
  334 1
  335 1
  336 1
  337 1
  338 1
  339 1
  340 1
  341 1
  342 1
  343 1
  344 1
  345 1
  346 1
  347 1
  348 1
  349 1
  350 1
  351 1
  352 1
  353 1
  354 1
  355 1
  356 1
  357 1
  358 1
  359 1
  360 1
  361 1
  362 1
  363 1
  364 1
  365 1
  366 1
  367 1
  368 1
  369 1
  370 1
  371 1
  372 1
  373 1
  374 1
  375 1
  376 1
  377 1
  378 1
EOF
