VRPTEST 1.0
COMMENT: descr: Modified tsplib for the OBP
COMMENT: Best known objective: 7443.809
COMMENT: Computational time (s): 10313.813832999997
NAME: c1093_8823
NUM_CAPACITIES: 1
NUM_VISITS: 1093
NUM_VEHICLES: 35
CAPACITIES: 14
DATA_SECTION
DEPOTS
  0
  1
VISIT_LOCATION_SECTION
  2 1086
  3 1216
  4 1748
  5 266
  6 746
  7 2041
  8 1025
  9 654
  10 991
  11 2143
  12 745
  13 1990
  14 1473
  15 1450
  16 779
  17 1558
  18 77
  19 290
  20 127
  21 1460
  22 614
  23 1657
  24 642
  25 1547
  26 220
  27 1208
  28 43
  29 1260
  30 1966
  31 90
  32 1034
  33 721
  34 509
  35 1477
  36 174
  37 1591
  38 823
  39 1201
  40 2089
  41 1095
  42 172
  43 1384
  44 1747
  45 606
  46 3
  47 815
  48 390
  49 674
  50 945
  51 932
  52 2040
  53 2154
  54 1891
  55 1358
  56 350
  57 225
  58 1886
  59 657
  60 617
  61 913
  62 37
  63 583
  64 1422
  65 1274
  66 238
  67 1633
  68 1744
  69 1672
  70 9
  71 797
  72 690
  73 134
  74 2141
  75 300
  76 1529
  77 2008
  78 219
  79 1698
  80 1020
  81 2078
  82 1809
  83 2096
  84 1951
  85 402
  86 405
  87 1136
  88 1076
  89 1974
  90 756
  91 796
  92 1381
  93 1708
  94 1645
  95 1130
  96 49
  97 371
  98 905
  99 309
  100 1491
  101 1752
  102 1985
  103 88
  104 430
  105 1730
  106 260
  107 135
  108 1341
  109 149
  110 1183
  111 142
  112 1075
  113 1659
  114 974
  115 292
  116 1739
  117 1053
  118 1841
  119 2014
  120 1939
  121 603
  122 1688
  123 598
  124 558
  125 318
  126 2138
  127 985
  128 2092
  129 478
  130 1612
  131 381
  132 1616
  133 140
  134 1562
  135 977
  136 1759
  137 861
  138 1090
  139 1227
  140 697
  141 138
  142 241
  143 1531
  144 1661
  145 456
  146 865
  147 1666
  148 655
  149 64
  150 454
  151 1799
  152 334
  153 1625
  154 307
  155 1693
  156 1955
  157 439
  158 1070
  159 1446
  160 63
  161 1495
  162 1238
  163 1424
  164 903
  165 94
  166 1826
  167 802
  168 234
  169 1399
  170 783
  171 1394
  172 971
  173 1310
  174 1953
  175 774
  176 1896
  177 20
  178 515
  179 1596
  180 83
  181 1127
  182 275
  183 1893
  184 66
  185 1733
  186 1237
  187 308
  188 272
  189 383
  190 522
  191 2160
  192 1538
  193 1952
  194 505
  195 1483
  196 1458
  197 1777
  198 2038
  199 681
  200 2079
  201 611
  202 240
  203 1189
  204 2007
  205 1780
  206 2049
  207 1929
  208 1108
  209 207
  210 1344
  211 1888
  212 1351
  213 1872
  214 1091
  215 117
  216 1459
  217 1077
  218 872
  219 632
  220 237
  221 153
  222 1901
  223 1618
  224 2084
  225 124
  226 1288
  227 964
  228 1258
  229 1664
  230 709
  231 1720
  232 184
  233 223
  234 1229
  235 1696
  236 821
  237 490
  238 24
  239 1986
  240 713
  241 1339
  242 1917
  243 1609
  244 895
  245 1631
  246 787
  247 789
  248 2001
  249 1205
  250 1063
  251 1231
  252 564
  253 892
  254 1306
  255 4
  256 1924
  257 1583
  258 1305
  259 143
  260 103
  261 1755
  262 835
  263 129
  264 1680
  265 1789
  266 205
  267 1918
  268 962
  269 1556
  270 698
  271 1278
  272 1941
  273 352
  274 1655
  275 186
  276 1356
  277 170
  278 1894
  279 1564
  280 2131
  281 607
  282 419
  283 1637
  284 1142
  285 1658
  286 277
  287 1970
  288 1032
  289 1919
  290 1030
  291 1903
  292 349
  293 1766
  294 773
  295 104
  296 941
  297 1277
  298 1427
  299 1740
  300 758
  301 609
  302 1710
  303 125
  304 1294
  305 1292
  306 476
  307 1793
  308 1574
  309 817
  310 957
  311 1089
  312 150
  313 608
  314 1925
  315 1811
  316 2055
  317 1561
  318 368
  319 195
  320 1959
  321 909
  322 1820
  323 1774
  324 374
  325 1185
  326 1845
  327 280
  328 1380
  329 1819
  330 752
  331 1476
  332 1571
  333 1669
  334 888
  335 73
  336 1927
  337 1398
  338 870
  339 1000
  340 1417
  341 1464
  342 743
  343 951
  344 79
  345 2025
  346 1887
  347 1164
  348 602
  349 36
  350 1635
  351 1157
  352 1190
  353 1643
  354 659
  355 638
  356 732
  357 1548
  358 1050
  359 226
  360 1579
  361 116
  362 999
  363 532
  364 2133
  365 541
  366 1806
  367 1196
  368 1687
  369 569
  370 194
  371 2048
  372 151
  373 323
  374 1390
  375 215
  376 1054
  377 1604
  378 507
  379 345
  380 1118
  381 1702
  382 1971
  383 561
  384 1041
  385 703
  386 26
  387 2101
  388 1312
  389 975
  390 786
  391 1705
  392 992
  393 18
  394 750
  395 1254
  396 71
  397 1451
  398 197
  399 406
  400 1588
  401 950
  402 831
  403 2118
  404 1632
  405 726
  406 1576
  407 356
  408 264
  409 829
  410 1335
  411 1033
  412 1080
  413 487
  414 358
  415 1317
  416 1847
  417 1577
  418 560
  419 2108
  420 144
  421 595
  422 1636
  423 2116
  424 661
  425 2053
  426 148
  427 1622
  428 855
  429 2103
  430 1712
  431 1152
  432 735
  433 1742
  434 2090
  435 15
  436 981
  437 423
  438 1858
  439 970
  440 1192
  441 572
  442 1549
  443 255
  444 203
  445 1856
  446 1177
  447 1103
  448 822
  449 202
  450 923
  451 1438
  452 1361
  453 987
  454 121
  455 8
  456 1003
  457 848
  458 1470
  459 1995
  460 100
  461 267
  462 1709
  463 344
  464 1465
  465 2011
  466 424
  467 1316
  468 372
  469 347
  470 1082
  471 2125
  472 449
  473 382
  474 2046
  475 976
  476 777
  477 1376
  478 1807
  479 357
  480 1143
  481 1513
  482 415
  483 492
  484 1138
  485 995
  486 538
  487 1600
  488 396
  489 1124
  490 159
  491 1678
  492 1321
  493 741
  494 1480
  495 1307
  496 1141
  497 1592
  498 1839
  499 1059
  500 249
  501 1163
  502 466
  503 2163
  504 284
  505 686
  506 1035
  507 1291
  508 1148
  509 1565
  510 1942
  511 1207
  512 2150
  513 1876
  514 62
  515 663
  516 1311
  517 227
  518 329
  519 915
  520 582
  521 1184
  522 41
  523 39
  524 2098
  525 1333
  526 463
  527 1833
  528 925
  529 192
  530 858
  531 601
  532 429
  533 1004
  534 1757
  535 75
  536 438
  537 1484
  538 1944
  539 1650
  540 1060
  541 879
  542 176
  543 1359
  544 501
  545 92
  546 472
  547 2057
  548 80
  549 1072
  550 111
  551 805
  552 1336
  553 1406
  554 477
  555 314
  556 1083
  557 876
  558 165
  559 22
  560 29
  561 1221
  562 1768
  563 2083
  564 2153
  565 1765
  566 731
  567 1402
  568 1367
  569 1867
  570 338
  571 495
  572 907
  573 1345
  574 68
  575 873
  576 1331
  577 1334
  578 269
  579 1255
  580 1980
  581 2076
  582 988
  583 1928
  584 420
  585 1947
  586 972
  587 649
  588 868
  589 1165
  590 1601
  591 1825
  592 1360
  593 175
  594 513
  595 1861
  596 1884
  597 1800
  598 1580
  599 1910
  600 2082
  601 299
  602 996
  603 1569
  604 391
  605 1357
  606 2137
  607 1332
  608 997
  609 1746
  610 527
  611 1343
  612 257
  613 1700
  614 191
  615 1844
  616 1448
  617 13
  618 737
  619 2147
  620 1146
  621 1415
  622 474
  623 2085
  624 828
  625 96
  626 571
  627 1782
  628 826
  629 1377
  630 1013
  631 528
  632 736
  633 1629
  634 327
  635 1823
  636 2021
  637 1012
  638 157
  639 1892
  640 742
  641 25
  642 550
  643 1096
  644 1268
  645 369
  646 1211
  647 585
  648 422
  649 33
  650 1578
  651 1100
  652 2074
  653 1242
  654 433
  655 1497
  656 1646
  657 725
  658 1553
  659 930
  660 464
  661 1081
  662 1378
  663 676
  664 2165
  665 2
  666 1962
  667 1630
  668 457
  669 1389
  670 235
  671 1413
  672 337
  673 998
  674 366
  675 605
  676 1217
  677 1158
  678 1517
  679 782
  680 1364
  681 1582
  682 1188
  683 2024
  684 72
  685 1670
  686 682
  687 1848
  688 1948
  689 1106
  690 136
  691 2142
  692 2043
  693 2120
  694 1308
  695 52
  696 1526
  697 2115
  698 1926
  699 1249
  700 1243
  701 1880
  702 455
  703 1784
  704 2112
  705 1585
  706 922
  707 2132
  708 183
  709 380
  710 1236
  711 599
  712 469
  713 1521
  714 1295
  715 65
  716 511
  717 351
  718 1945
  719 1176
  720 44
  721 401
  722 2087
  723 1501
  724 2061
  725 1235
  726 1094
  727 130
  728 1933
  729 2030
  730 2012
  731 1804
  732 635
  733 956
  734 1642
  735 233
  736 1132
  737 242
  738 600
  739 2121
  740 921
  741 403
  742 1104
  743 1265
  744 759
  745 537
  746 1325
  747 1614
  748 1478
  749 1466
  750 2006
  751 467
  752 1732
  753 1682
  754 1462
  755 1969
  756 1846
  757 1168
  758 1320
  759 461
  760 1978
  761 2073
  762 717
  763 813
  764 531
  765 576
  766 791
  767 1963
  768 152
  769 929
  770 353
  771 1871
  772 1010
  773 1241
  774 1949
  775 748
  776 863
  777 785
  778 570
  779 1731
  780 1734
  781 701
  782 1750
  783 881
  784 346
  785 326
  786 494
  787 1537
  788 421
  789 1792
  790 650
  791 887
  792 437
  793 633
  794 301
  795 1145
  796 1370
  797 414
  798 2157
  799 1371
  800 1769
  801 761
  802 1400
  803 1220
  804 1923
  805 1544
  806 451
  807 465
  808 1725
  809 1121
  810 630
  811 1257
  812 692
  813 1379
  814 728
  815 578
  816 2020
  817 662
  818 1047
  819 1724
  820 1431
  821 644
  822 1619
  823 1330
  824 1166
  825 877
  826 448
  827 1528
  828 1943
  829 2097
  830 434
  831 1036
  832 462
  833 1056
  834 1830
  835 1821
  836 1873
  837 479
  838 1975
  839 1113
  840 378
  841 1101
  842 218
  843 2162
  844 2033
  845 588
  846 959
  847 1150
  848 2026
  849 496
  850 565
  851 961
  852 776
  853 904
  854 724
  855 1551
  856 1289
  857 428
  858 1327
  859 1269
  860 594
  861 499
  862 1456
  863 1855
  864 1972
  865 801
  866 145
  867 840
  868 1915
  869 693
  870 336
  871 841
  872 795
  873 1505
  874 1545
  875 1510
  876 1230
  877 1262
  878 705
  879 1266
  880 1785
  881 1961
  882 1457
  883 1794
  884 1067
  885 691
  886 2018
  887 990
  888 846
  889 485
  890 1393
  891 947
  892 669
  893 362
  894 1210
  895 1218
  896 1439
  897 2029
  898 1046
  899 1691
  900 864
  901 1267
  902 1907
  903 236
  904 708
  905 298
  906 867
  907 1280
  908 899
  909 1429
  910 1172
  911 2110
  912 781
  913 832
  914 1741
  915 734
  916 530
  917 1039
  918 473
  919 313
  920 387
  921 677
  922 634
  923 123
  924 2164
  925 2161
  926 1713
  927 1131
  928 279
  929 328
  930 730
  931 853
  932 1112
  933 1009
  934 2060
  935 1198
  936 1350
  937 1676
  938 1085
  939 1760
  940 1606
  941 1411
  942 1412
  943 407
  944 59
  945 193
  946 1425
  947 2127
  948 2159
  949 1002
  950 1008
  951 1435
  952 1200
  953 1482
  954 573
  955 1272
  956 1506
  957 410
  958 1699
  959 1921
  960 1864
  961 1853
  962 1559
  963 1611
  964 1156
  965 38
  966 1897
  967 1727
  968 512
  969 1786
  970 694
  971 2071
  972 1404
  973 209
  974 1981
  975 1832
  976 1512
  977 1197
  978 886
  979 341
  980 812
  981 680
  982 316
  983 1195
  984 1938
  985 132
COMMENT: TIMESTEP: 1
ORDERS_SECTION
  1 2
  2 3 748
  3 4 5 6
  4 7 8 337
  5 9 10 11
  6 12 13 14 783
  7 15 16 17
  8 18 19 20 111
  9 21
  10 22
  11 23
  12 24 25
  13 26
  14 27
  15 28 29 30
  16 31 32 33 749
  17 34
  18 35 36
  19 37 38 75
  20 39
  21 40
  22 41 42 43
  23 44 45
  24 46 819 7
  25 47 48 310
  26 49 50
  27 51
  28 52
  29 53 54 55
  30 56 57
  31 58 59 60 83
  32 61 62
  33 63 64
  34 65 77
  35 66 67 68 671
  36 69 70 71
  37 72 266
  38 73 74
  39 75
  40 76 77 78
  41 79
  42 80 81
  43 82 83 84 787
  44 85 86 87
  45 88 89 90
  46 91 92 192
  47 93 94
  48 95
  49 96 525
  50 97 98 48
  51 99 100
  52 101 829
  53 102 103
  54 104
  55 105 106 107 616
  56 108 109 110
  57 111 134
  58 112 113 114
  59 115
  60 116 117 129
  61 118 119
  62 120 121
  63 122 123 124
  64 125 126 127
  65 128 129
  66 130 131
  67 132 133
  68 134 135 136 565
  69 137 138
  70 139 393
  71 140 141
  72 142 143
  73 144 145 146
  74 147 148 149
  75 150
  76 151
  77 152 153 154
  78 155
  79 156 157 158
  80 159 160 161
  81 162 163 164
  82 165 166 167
  83 168
  84 169 170
  85 171 172 173 46 390
  86 174 175
  87 176 177 178
  88 179 180 181
  89 182 183 184
  90 185 864 522
  91 186 187 188
  92 189
  93 190 191
  94 192 193 611
  95 194 195 196
  96 197 198 199
  97 200 201 679
  98 202 203 204
  99 205
  100 206 207
  101 208 209
  102 210
  103 211 293
  104 212 213 214
  105 215 216 217
  106 218 219 220
  107 221 455
  108 222 223 708
  109 224 225 226
  110 227 266
  111 228 229
  112 230 231
  113 232 233
  114 234
  115 235 236 237
  116 238 92
  117 239
  118 240
  119 241 242
  120 243 244 245
  121 246 34
  122 247
  123 248 249
  124 250 251 78
  125 252 253 254
  126 255 256 257
  127 258
  128 259
  129 260
  130 261 262
  131 263 264
  132 265 266 267 897
  133 268 269 270
  134 271 272 273
  135 274 275 276
  136 277 278 279
  137 280 281
  138 282 283
  139 284 285 286
  140 287
  141 288
  142 289 290
  143 291 292
  144 293 294
  145 295 296
  146 297 298
  147 299 300
  148 301 302
  149 303 304
  150 305
  151 306 307 308 790 885
  152 309 310
  153 311 312 982
  154 313 314 315
  155 316 317 318
  156 319
  157 320
  158 321 322
  159 323 324
  160 325 326 327 349
  161 328 329 330
  162 331
  163 332 333 334
  164 335 155
  165 336 337 7
  166 338 339 714
  167 340 341
  168 342 343 344
  169 345 346
  170 347 348 349
  171 350 47
  172 351
  173 352
  174 353 354 355
  175 356 357 358
  176 359 360
  177 361
  178 362
  179 363
  180 364
  181 365
  182 366 367 368
  183 369 370 371
  184 372 373 374
  185 375 376 706
  186 377
  187 378 379
  188 380 381 723
  189 382 383 384
  190 385 386 387
  191 388
  192 389
  193 390
  194 391
  195 392
  196 393 394 395
  197 396 397
  198 398 399 400
  199 401 402 403
  200 404
  201 405 406
  202 407 408
  203 409 410 411
  204 412 75
  205 413 414
  206 415 907
  207 416 417 418 194
  208 419 420
  209 421 422 423
  210 424
  211 425 426
  212 427 428
  213 429 430 431
  214 432 433
  215 434 435
  216 436 437 438
  217 439 440
  218 441 442 443
  219 444 864
  220 445 446
  221 447 448 615
  222 449 450
  223 451
  224 452 453 454
  225 455 456
  226 457 458
  227 459 460 844
  228 461 462
  229 463
  230 464 742
  231 465 466
  232 467 40
  233 468 761
  234 469
  235 470 471 472
  236 473 391
  237 474 475 476
  238 477 478 479
  239 480 481 482
  240 483 484 485
  241 486 487 488
  242 489 490 491
  243 492 493 494 445
  244 495 496
  245 497 498
  246 499 500
  247 501 502 504
  248 503
  249 504 505
  250 506 507 537
  251 508 509 510
  252 511 512
  253 513 514
  254 515 362
  255 516 517 518
  256 519
  257 520 521
  258 522 523
  259 524
  260 525
  261 526 527 528 565
  262 529 530 531
  263 532 533 75
  264 534
  265 535 536
  266 537 538
  267 539
  268 540 541 542 283
  269 543 544
  270 545 546 547 390
  271 548
  272 549 550
  273 551 552
  274 553 554 555
  275 556 557 558
  276 559 560 561
  277 562
  278 563
  279 564 565 566
  280 567
  281 568 569 570
  282 571 572 573 190
  283 574
  284 575
  285 576 577 578
  286 579
  287 580
  288 581
  289 582
  290 583 584
  291 585 586
  292 587
  293 588
  294 589
  295 590 591 592
  296 593 594 595 959
  297 596
  298 597 598 599
  299 600 601
  300 602 603 604 184
  301 605 606 803
  302 607 608 609
  303 610 611 612
  304 613 614
  305 615 446
  306 616 617
  307 618 619
  308 620 621 622 17
  309 623 624
  310 625 626 627
  311 628
  312 629 630
  313 631 632
  314 633
  315 634 635
  316 636
  317 637
  318 638 639 640
  319 641 642 643 923
  320 644 645 646 77
  321 647 648 649
  322 650 651 652 359
  323 653 654 655 571
  324 656
  325 657 658 659
  326 660 661
  327 662 663 85
  328 664 388 647
  329 665
  330 666 667 185
  331 668 669 670
  332 671
  333 672 673
  334 674 675 744
  335 676 75
  336 677 678 679
  337 680
  338 681 682 86 663
  339 683
  340 684
  341 685
  342 686
  343 687 688 689
  344 690 286
  345 691 692 693
  346 694
  347 695 696 697
  348 698 699 700
  349 701 702
  350 703 704 705 777 567
  351 706 707
  352 708
  353 709 710 711
  354 712 713
  355 714 715 716
  356 717 718
  357 719 720 721
  358 722
  359 723 724 725
  360 726
  361 727 728
  362 729 730 731
  363 732
  364 733 734 735
  365 736
  366 737 738
  367 739 740 192
  368 741 742 743
  369 744
  370 745 746
  371 747 748
  372 749
  373 750 751 752
  374 753
  375 754 755
  376 756 757
  377 758 759 778
  378 760
  379 761 762 763
  380 764
  381 765 766
  382 767 768
  383 769 770
  384 771 772 832
  385 773
  386 774 775 776
  387 777
  388 778 779 780
  389 781 782
  390 783 784 785
  391 786 787
  392 788 789 62
  393 790 791 792
  394 793 794
  395 795 563
  396 796 783
  397 797 798 799
  398 800
  399 801 802
  400 803 804
  401 805 806 807
  402 808
  403 809 810 209
  404 811 812 813
  405 814 815
  406 816 817 818
  407 819 820 390 943
  408 821 822
  409 823 824
  410 825 826
  411 827 828
  412 829 830 831
  413 832
  414 833 834
  415 835
  416 836 837
  417 838 193
  418 839 840 841 945
  419 842 843
  420 844 845
  421 846 847
  422 848 849 850
  423 851 852 853
  424 854 855
  425 856
  426 857 858 859
  427 860 861
  428 862 863
  429 864
  430 865 866 867
  431 868 869 870
  432 871 872
  433 873 874 875 293
  434 876 877 878
  435 879 880 881
  436 882
  437 883 884 885
  438 886
  439 887 888 889
  440 890 891
  441 892 390
  442 893
  443 894 895 664
  444 896 897 898
  445 899
  446 900
  447 901
  448 902 903
  449 904 905
  450 906 907 86
  451 908 909
  452 910 911 834 155
  453 912 913 914 426
  454 915 916 917 685
  455 918 919
  456 920 921 922
  457 923 924
  458 925 926
  459 927 928 929 683
  460 930 931 932
  461 933 934
  462 935 936
  463 937 938 939
  464 940 941 953
  465 942 943 944
  466 945
  467 946 947
  468 948 949 950
  469 951 952
  470 953
  471 954 955 956
  472 957 958 959
  473 960 961
  474 962
  475 963 964
  476 965
  477 966
  478 967 968 969
  479 970
  480 971 972
  481 973 974 235
  482 975
  483 976
  484 977 978 979
  485 980 981 982
  486 983 984 305
  487 985
TIME_AVAIL_SECTION
  1 1
  2 1
  3 1
  4 1
  5 1
  6 1
  7 1
  8 1
  9 1
  10 1
  11 1
  12 1
  13 1
  14 1
  15 1
  16 1
  17 1
  18 1
  19 1
  20 1
  21 1
  22 1
  23 1
  24 1
  25 1
  26 1
  27 1
  28 1
  29 1
  30 1
  31 1
  32 1
  33 1
  34 1
  35 1
  36 1
  37 1
  38 1
  39 1
  40 1
  41 1
  42 1
  43 1
  44 1
  45 1
  46 1
  47 1
  48 1
  49 1
  50 1
  51 1
  52 1
  53 1
  54 1
  55 1
  56 1
  57 1
  58 1
  59 1
  60 1
  61 1
  62 1
  63 1
  64 1
  65 1
  66 1
  67 1
  68 1
  69 1
  70 1
  71 1
  72 1
  73 1
  74 1
  75 1
  76 1
  77 1
  78 1
  79 1
  80 1
  81 1
  82 1
  83 1
  84 1
  85 1
  86 1
  87 1
  88 1
  89 1
  90 1
  91 1
  92 1
  93 1
  94 1
  95 1
  96 1
  97 1
  98 1
  99 1
  100 1
  101 1
  102 1
  103 1
  104 1
  105 1
  106 1
  107 1
  108 1
  109 1
  110 1
  111 1
  112 1
  113 1
  114 1
  115 1
  116 1
  117 1
  118 1
  119 1
  120 1
  121 1
  122 1
  123 1
  124 1
  125 1
  126 1
  127 1
  128 1
  129 1
  130 1
  131 1
  132 1
  133 1
  134 1
  135 1
  136 1
  137 1
  138 1
  139 1
  140 1
  141 1
  142 1
  143 1
  144 1
  145 1
  146 1
  147 1
  148 1
  149 1
  150 1
  151 1
  152 1
  153 1
  154 1
  155 1
  156 1
  157 1
  158 1
  159 1
  160 1
  161 1
  162 1
  163 1
  164 1
  165 1
  166 1
  167 1
  168 1
  169 1
  170 1
  171 1
  172 1
  173 1
  174 1
  175 1
  176 1
  177 1
  178 1
  179 1
  180 1
  181 1
  182 1
  183 1
  184 1
  185 1
  186 1
  187 1
  188 1
  189 1
  190 1
  191 1
  192 1
  193 1
  194 1
  195 1
  196 1
  197 1
  198 1
  199 1
  200 1
  201 1
  202 1
  203 1
  204 1
  205 1
  206 1
  207 1
  208 1
  209 1
  210 1
  211 1
  212 1
  213 1
  214 1
  215 1
  216 1
  217 1
  218 1
  219 1
  220 1
  221 1
  222 1
  223 1
  224 1
  225 1
  226 1
  227 1
  228 1
  229 1
  230 1
  231 1
  232 1
  233 1
  234 1
  235 1
  236 1
  237 1
  238 1
  239 1
  240 1
  241 1
  242 1
  243 1
  244 1
  245 1
  246 1
  247 1
  248 1
  249 1
  250 1
  251 1
  252 1
  253 1
  254 1
  255 1
  256 1
  257 1
  258 1
  259 1
  260 1
  261 1
  262 1
  263 1
  264 1
  265 1
  266 1
  267 1
  268 1
  269 1
  270 1
  271 1
  272 1
  273 1
  274 1
  275 1
  276 1
  277 1
  278 1
  279 1
  280 1
  281 1
  282 1
  283 1
  284 1
  285 1
  286 1
  287 1
  288 1
  289 1
  290 1
  291 1
  292 1
  293 1
  294 1
  295 1
  296 1
  297 1
  298 1
  299 1
  300 1
  301 1
  302 1
  303 1
  304 1
  305 1
  306 1
  307 1
  308 1
  309 1
  310 1
  311 1
  312 1
  313 1
  314 1
  315 1
  316 1
  317 1
  318 1
  319 1
  320 1
  321 1
  322 1
  323 1
  324 1
  325 1
  326 1
  327 1
  328 1
  329 1
  330 1
  331 1
  332 1
  333 1
  334 1
  335 1
  336 1
  337 1
  338 1
  339 1
  340 1
  341 1
  342 1
  343 1
  344 1
  345 1
  346 1
  347 1
  348 1
  349 1
  350 1
  351 1
  352 1
  353 1
  354 1
  355 1
  356 1
  357 1
  358 1
  359 1
  360 1
  361 1
  362 1
  363 1
  364 1
  365 1
  366 1
  367 1
  368 1
  369 1
  370 1
  371 1
  372 1
  373 1
  374 1
  375 1
  376 1
  377 1
  378 1
  379 1
  380 1
  381 1
  382 1
  383 1
  384 1
  385 1
  386 1
  387 1
  388 1
  389 1
  390 1
  391 1
  392 1
  393 1
  394 1
  395 1
  396 1
  397 1
  398 1
  399 1
  400 1
  401 1
  402 1
  403 1
  404 1
  405 1
  406 1
  407 1
  408 1
  409 1
  410 1
  411 1
  412 1
  413 1
  414 1
  415 1
  416 1
  417 1
  418 1
  419 1
  420 1
  421 1
  422 1
  423 1
  424 1
  425 1
  426 1
  427 1
  428 1
  429 1
  430 1
  431 1
  432 1
  433 1
  434 1
  435 1
  436 1
  437 1
  438 1
  439 1
  440 1
  441 1
  442 1
  443 1
  444 1
  445 1
  446 1
  447 1
  448 1
  449 1
  450 1
  451 1
  452 1
  453 1
  454 1
  455 1
  456 1
  457 1
  458 1
  459 1
  460 1
  461 1
  462 1
  463 1
  464 1
  465 1
  466 1
  467 1
  468 1
  469 1
  470 1
  471 1
  472 1
  473 1
  474 1
  475 1
  476 1
  477 1
  478 1
  479 1
  480 1
  481 1
  482 1
  483 1
  484 1
  485 1
  486 1
  487 1
EOF
