VRPTEST 1.0
COMMENT: descr: Modified tsplib for the OBP
COMMENT: Best known objective: 10837.963
COMMENT: Computational time (s): 8122.942531999998
NAME: c2035_ca96
NUM_CAPACITIES: 1
NUM_VISITS: 2035
NUM_VEHICLES: 37
CAPACITIES: 24
DATA_SECTION
DEPOTS
  0
  1
VISIT_LOCATION_SECTION
  2 1285
  3 1691
  4 1821
  5 1149
  6 1560
  7 652
  8 1291
  9 1782
  10 1328
  11 1425
  12 1355
  13 338
  14 1910
  15 460
  16 1606
  17 1870
  18 1266
  19 746
  20 1122
  21 235
  22 355
  23 1065
  24 1704
  25 1876
  26 1804
  27 773
  28 1241
  29 467
  30 299
  31 336
  32 1575
  33 1205
  34 1064
  35 1062
  36 307
  37 1640
  38 785
  39 720
  40 72
  41 1084
  42 764
  43 700
  44 2116
  45 402
  46 1986
  47 538
  48 2115
  49 1861
  50 797
  51 1366
  52 725
  53 507
  54 404
  55 121
  56 606
  57 469
  58 558
  59 358
  60 1659
  61 1176
  62 1726
  63 1207
  64 216
  65 1776
  66 876
  67 752
  68 1327
  69 458
  70 1350
  71 274
  72 1705
  73 287
  74 326
  75 1045
  76 936
  77 1791
  78 107
  79 266
  80 1080
  81 549
  82 1386
  83 1699
  84 429
  85 1991
  86 1549
  87 257
  88 356
  89 1078
  90 1012
  91 468
  92 1725
  93 284
  94 1626
  95 244
  96 1278
  97 77
  98 2102
  99 1975
  100 1140
  101 609
  102 946
  103 1411
  104 895
  105 1286
  106 18
  107 1961
  108 1579
  109 1196
  110 1748
  111 66
  112 449
  113 1416
  114 1223
  115 564
  116 1962
  117 1984
  118 1927
  119 1615
  120 158
  121 934
  122 380
  123 223
  124 1265
  125 1523
  126 200
  127 1056
  128 1880
  129 1456
  130 390
  131 1983
  132 175
  133 731
  134 1857
  135 1419
  136 1101
  137 231
  138 1481
  139 417
  140 300
  141 106
  142 1978
  143 988
  144 1594
  145 1977
  146 1835
  147 1990
  148 633
  149 418
  150 1367
  151 1513
  152 226
  153 658
  154 1076
  155 1736
  156 1209
  157 1909
  158 2082
  159 2070
  160 1886
  161 617
  162 1742
  163 2109
  164 826
  165 1512
  166 1260
  167 1283
  168 1296
  169 1121
  170 1338
  171 1746
  172 479
  173 2170
  174 995
  175 1734
  176 349
  177 1482
  178 847
  179 3
  180 893
  181 865
  182 1911
  183 1592
  184 2159
  185 1037
  186 1785
  187 1139
  188 506
  189 527
  190 311
  191 841
  192 2052
  193 1362
  194 1275
  195 1020
  196 385
  197 1904
  198 1073
  199 1822
  200 73
  201 1396
  202 148
  203 1503
  204 204
  205 523
  206 574
  207 1423
  208 318
  209 559
  210 1985
  211 1315
  212 1038
  213 1060
  214 2059
  215 1184
  216 184
  217 1258
  218 1992
  219 1360
  220 737
  221 2091
  222 397
  223 1216
  224 726
  225 598
  226 922
  227 912
  228 1644
  229 948
  230 153
  231 996
  232 1681
  233 1070
  234 966
  235 127
  236 1674
  237 1795
  238 594
  239 1500
  240 1786
  241 957
  242 1780
  243 2133
  244 968
  245 739
  246 1200
  247 1132
  248 1893
  249 1974
  250 540
  251 25
  252 238
  253 1952
  254 1344
  255 233
  256 1381
  257 499
  258 228
  259 2060
  260 435
  261 1936
  262 1394
  263 1235
  264 1996
  265 1559
  266 1372
  267 1635
  268 1384
  269 1614
  270 1118
  271 880
  272 1960
  273 314
  274 24
  275 1089
  276 749
  277 2108
  278 548
  279 744
  280 1451
  281 891
  282 1422
  283 1932
  284 1043
  285 1445
  286 1460
  287 1817
  288 1695
  289 1307
  290 1903
  291 863
  292 1588
  293 98
  294 2138
  295 11
  296 2030
  297 1629
  298 1660
  299 1747
  300 882
  301 1033
  302 1526
  303 722
  304 264
  305 1005
  306 1227
  307 181
  308 421
  309 1303
  310 1034
  311 685
  312 281
  313 1251
  314 1267
  315 327
  316 494
  317 977
  318 561
  319 2086
  320 1160
  321 212
  322 1446
  323 1134
  324 125
  325 1292
  326 1604
  327 1693
  328 1135
  329 1437
  330 1048
  331 2111
  332 1480
  333 1655
  334 796
  335 1071
  336 1464
  337 2008
  338 697
  339 634
  340 2054
  341 1694
  342 1287
  343 140
  344 1436
  345 1270
  346 1187
  347 431
  348 894
  349 1784
  350 371
  351 30
  352 1343
  353 1818
  354 656
  355 1388
  356 1995
  357 1530
  358 581
  359 795
  360 1489
  361 1120
  362 451
  363 1239
  364 556
  365 1082
  366 1342
  367 1923
  368 108
  369 917
  370 1203
  371 1452
  372 320
  373 382
  374 2039
  375 761
  376 2058
  377 1041
  378 1800
  379 1389
  380 1585
  381 1387
  382 1383
  383 1457
  384 1887
  385 1188
  386 877
  387 432
  388 711
  389 1167
  390 411
  391 512
  392 655
  393 386
  394 1306
  395 2038
  396 378
  397 671
  398 1989
  399 1322
  400 1577
  401 728
  402 288
  403 1713
  404 1847
  405 1839
  406 412
  407 1609
  408 511
  409 2101
  410 1435
  411 2050
  412 1136
  413 579
  414 1412
  415 1947
  416 1453
  417 1105
  418 1174
  419 1177
  420 1454
  421 1688
  422 782
  423 730
  424 896
  425 1505
  426 778
  427 1147
  428 501
  429 1650
  430 430
  431 2145
  432 1790
  433 1004
  434 1332
  435 1647
  436 41
  437 1498
  438 2018
  439 1621
  440 986
  441 1259
  442 1850
  443 38
  444 1154
  445 1197
  446 1049
  447 1185
  448 1582
  449 1212
  450 1852
  451 1969
  452 2063
  453 1113
  454 357
  455 2134
  456 999
  457 363
  458 573
  459 135
  460 434
  461 878
  462 1942
  463 1759
  464 1972
  465 815
  466 1994
  467 879
  468 1030
  469 1698
  470 1104
  471 1484
  472 669
  473 1508
  474 1827
  475 308
  476 595
  477 1840
  478 117
  479 677
  480 399
  481 488
  482 1878
  483 1462
  484 1377
  485 116
  486 902
  487 44
  488 329
  489 676
  490 1830
  491 1224
  492 1099
  493 1533
  494 1158
  495 1546
  496 1075
  497 587
  498 517
  499 943
  500 613
  501 1391
  502 701
  503 1229
  504 1646
  505 2023
  506 372
  507 1872
  508 1915
  509 1858
  510 900
  511 2079
  512 2074
  513 63
  514 1953
  515 1230
  516 1954
  517 1044
  518 2096
  519 819
  520 867
  521 1410
  522 1760
  523 916
  524 1633
  525 1335
  526 1488
  527 405
  528 346
  529 1334
  530 1601
  531 732
  532 2146
  533 1319
  534 1721
  535 2120
  536 1243
  537 1678
  538 1281
  539 351
  540 1161
  541 348
  542 170
  543 683
  544 1175
  545 629
  546 1913
  547 335
  548 588
  549 1514
  550 2035
  551 719
  552 1061
  553 804
  554 393
  555 1599
  556 1341
  557 1838
  558 1979
  559 1831
  560 1907
  561 1806
  562 535
  563 1504
  564 1272
  565 2029
  566 396
  567 1752
  568 298
  569 1637
  570 596
  571 416
  572 1261
  573 989
  574 249
  575 1656
  576 530
  577 1465
  578 1374
  579 59
  580 2056
  581 1966
  582 1724
  583 1142
  584 2000
  585 1276
  586 1718
  587 631
  588 935
  589 927
  590 2076
  591 492
  592 1090
  593 687
  594 255
  595 242
  596 337
  597 1002
  598 678
  599 104
  600 464
  601 1042
  602 441
  603 1740
  604 1150
  605 2053
  606 665
  607 1528
  608 962
  609 2118
  610 1052
  611 945
  612 1333
  613 2085
  614 236
  615 1201
  616 36
  617 1431
  618 978
  619 2004
  620 951
  621 2144
  622 649
  623 1781
  624 2162
  625 2163
  626 1297
  627 1400
  628 1432
  629 1238
  630 1834
  631 2157
  632 234
  633 534
  634 1709
  635 659
  636 1289
  637 1819
  638 1466
  639 1741
  640 294
  641 862
  642 1584
  643 693
  644 1218
  645 1133
  646 2098
  647 844
  648 2154
  649 2010
  650 1938
  651 640
  652 1316
  653 519
  654 787
  655 898
  656 2165
  657 1393
  658 2156
  659 2011
  660 2020
  661 603
  662 2068
  663 949
  664 387
  665 522
  666 436
  667 991
  668 562
  669 134
  670 1871
  671 2028
  672 1254
  673 251
  674 487
  675 1009
  676 1208
  677 887
  678 1414
  679 1217
  680 2041
  681 576
  682 600
  683 1689
  684 2036
  685 1930
  686 532
  687 1885
  688 426
  689 2064
  690 1661
  691 955
  692 1093
  693 998
  694 1690
  695 1247
  696 163
  697 383
  698 195
  699 1583
  700 835
  701 1574
  702 1849
  703 1687
  704 470
  705 1649
  706 515
  707 1901
  708 1551
  709 1591
  710 1657
  711 440
  712 303
  713 1937
  714 1096
  715 403
  716 565
  717 738
  718 1252
  719 869
  720 1929
  721 1429
  722 1993
  723 160
  724 102
  725 960
  726 529
  727 1198
  728 950
  729 954
  730 1550
  731 1473
  732 972
  733 1616
  734 524
  735 997
  736 2161
  737 1402
  738 1897
  739 9
  740 1397
  741 1129
  742 800
  743 1499
  744 852
  745 646
  746 1356
  747 1299
  748 2065
  749 1625
  750 1497
  751 1373
  752 13
  753 644
  754 751
  755 1166
  756 119
  757 2069
  758 636
  759 491
  760 2075
  761 477
  762 1558
  763 1643
  764 328
  765 347
  766 2094
  767 657
  768 2168
  769 675
  770 599
  771 1380
  772 1269
  773 1321
  774 1100
  775 770
  776 1755
  777 415
  778 1753
  779 472
  780 1807
  781 448
  782 822
  783 1862
  784 1881
  785 373
  786 1651
  787 368
  788 1091
  789 1117
  790 437
  791 29
  792 1846
  793 138
  794 2112
  795 1757
  796 51
  797 654
  798 379
  799 783
  800 1305
  801 408
  802 139
  803 1361
  804 572
  805 918
  806 1180
  807 252
  808 1732
  809 1295
  810 2025
  811 748
  812 864
  813 1072
  814 585
  815 142
  816 1537
  817 17
  818 798
  819 474
  820 1802
  821 6
  822 1883
  823 366
  824 1428
  825 325
  826 33
  827 1815
  828 1820
  829 2061
  830 1808
  831 1280
  832 331
  833 921
  834 1948
  835 1939
  836 1179
  837 834
  838 904
  839 1608
  840 627
  841 2117
  842 1805
  843 37
  844 696
  845 350
  846 1491
  847 1900
  848 439
  849 698
  850 1869
  851 1032
  852 544
  853 1494
  854 846
  855 1067
  856 241
  857 1066
  858 246
  859 1353
  860 664
  861 1955
  862 1708
  863 1711
  864 79
  865 176
  866 1116
  867 301
  868 1146
  869 789
  870 642
  871 925
  872 959
  873 1832
  874 1455
  875 1501
  876 2113
  877 1300
  878 766
  879 645
  880 1378
  881 859
  882 174
  883 586
  884 1011
  885 871
  886 1971
  887 1618
  888 1976
  889 466
  890 1595
  891 302
  892 503
  893 619
  894 1811
  895 1351
  896 2048
  897 856
  898 120
  899 967
  900 924
  901 1769
  902 976
  903 1250
  904 1851
  905 323
  906 455
  907 1081
  908 1853
  909 1856
  910 650
  911 1668
  912 2136
  913 1274
  914 1368
  915 1358
  916 1277
  917 818
  918 130
  919 1710
  920 1854
  921 369
  922 1083
  923 1210
  924 1331
  925 345
  926 2067
  927 626
  928 774
  929 2066
  930 462
  931 2032
  932 1427
  933 1541
  934 1164
  935 1131
  936 1959
  937 1848
  938 814
  939 1816
  940 122
  941 275
  942 1221
  943 1195
  944 933
  945 1106
  946 521
  947 88
  948 352
  949 15
  950 1924
  951 1311
  952 2081
  953 1178
  954 1143
  955 1680
  956 202
  957 1843
  958 1729
  959 447
  960 570
  961 905
  962 316
  963 1114
  964 259
  965 1263
  966 1063
  967 1587
  968 47
  969 1941
  970 743
  971 1202
  972 569
  973 2043
  974 1905
  975 1245
  976 1001
  977 2046
  978 282
  979 1720
  980 944
  981 1379
  982 1339
  983 1892
  984 16
  985 1222
  986 1112
  987 1799
  988 868
  989 1636
  990 638
  991 1040
  992 344
  993 215
  994 661
  995 1664
  996 2002
  997 187
  998 502
  999 776
  1000 1877
  1001 706
  1002 205
  1003 1472
  1004 1323
  1005 1944
  1006 498
  1007 1612
  1008 124
  1009 69
  1010 414
  1011 987
  1012 2073
  1013 74
  1014 1448
  1015 745
  1016 1524
  1017 1662
  1018 1326
  1019 1553
  1020 8
  1021 1844
  1022 932
  1023 1517
  1024 1569
  1025 143
  1026 602
  1027 1922
  1028 2001
  1029 684
  1030 1249
  1031 229
  1032 198
  1033 1268
  1034 1172
  1035 1749
  1036 267
  1037 741
  1038 806
  1039 663
  1040 648
  1041 1155
  1042 1631
  1043 424
  1044 620
  1045 1490
  1046 149
  1047 1949
  1048 2160
  1049 828
  1050 340
  1051 2097
  1052 601
  1053 829
  1054 2055
  1055 1774
  1056 971
  1057 67
  1058 754
  1059 759
  1060 1639
  1061 1371
  1062 276
  1063 290
  1064 1576
  1065 2130
  1066 779
  1067 1914
  1068 186
  1069 1865
  1070 112
  1071 101
  1072 103
  1073 1312
  1074 892
  1075 22
  1076 1797
  1077 80
  1078 1471
  1079 1294
  1080 2
  1081 27
  1082 245
  1083 1213
  1084 2149
  1085 1190
  1086 635
  1087 632
  1088 1556
  1089 608
  1090 465
  1091 765
  1092 1318
  1093 2033
  1094 1077
  1095 1896
  1096 956
  1097 1092
  1098 1016
  1099 809
  1100 821
  1101 775
  1102 984
  1103 1474
  1104 1765
  1105 87
  1106 1483
  1107 1407
  1108 674
  1109 374
  1110 1722
  1111 1933
  1112 607
  1113 445
  1114 1980
  1115 592
  1116 1405
  1117 1823
  1118 2135
  1119 1103
  1120 1074
  1121 1534
  1122 221
  1123 1810
  1124 1899
  1125 578
  1126 2103
  1127 597
  1128 526
  1129 438
  1130 52
  1131 660
  1132 1151
  1133 742
  1134 1130
  1135 1507
  1136 1415
  1137 211
  1138 2034
  1139 1917
  1140 21
  1141 309
  1142 975
  1143 1908
  1144 851
  1145 1945
  1146 911
  1147 1443
  1148 1058
  1149 1884
  1150 39
  1151 1863
  1152 837
  1153 853
  1154 165
  1155 292
  1156 293
  1157 1630
  1158 400
  1159 1510
  1160 182
  1161 1242
  1162 1329
  1163 43
  1164 509
  1165 1233
  1166 2142
  1167 297
  1168 1679
  1169 873
  1170 1562
  1171 553
  1172 1527
  1173 1762
  1174 755
  1175 183
  1176 1756
  1177 1095
  1178 568
  1179 1108
  1180 454
  1181 1152
  1182 813
  1183 171
  1184 214
  1185 520
  1186 1189
  1187 688
  1188 1492
  1189 407
  1190 1783
  1191 801
  1192 673
  1193 92
  1194 691
  1195 1617
  1196 920
  1197 1926
  1198 550
  1199 736
  1200 1653
  1201 1789
  1202 230
  1203 824
  1204 1211
  1205 590
  1206 213
  1207 881
  1208 495
  1209 1888
  1210 1325
  1211 1478
  1212 1013
  1213 1087
  1214 820
  1215 915
  1216 1965
  1217 994
  1218 446
  1219 20
  1220 1317
  1221 855
  1222 1547
  1223 49
  1224 1642
  1225 313
  1226 203
  1227 428
  1228 7
  1229 1730
  1230 1855
  1231 641
  1232 2078
  1233 113
  1234 848
  1235 1571
  1236 705
  1237 473
  1238 790
  1239 1138
  1240 1733
  1241 1359
  1242 940
  1243 1544
  1244 838
  1245 760
  1246 1047
  1247 189
  1248 334
  1249 45
  1250 1552
  1251 10
  1252 128
  1253 360
  1254 1055
  1255 1666
  1256 584
  1257 1700
  1258 81
  1259 476
  1260 1257
  1261 394
  1262 2153
  1263 1119
  1264 510
  1265 970
  1266 1141
  1267 1271
  1268 1703
  1269 1767
  1270 131
  1271 1564
  1272 1548
  1273 111
  1274 1506
  1275 1999
  1276 2057
  1277 1658
  1278 1682
  1279 2141
  1280 1404
  1281 965
  1282 260
  1283 1458
  1284 1236
  1285 1298
  1286 2125
  1287 1441
  1288 218
  1289 136
  1290 1638
  1291 981
  1292 845
  1293 812
  1294 71
  1295 1521
  1296 537
  1297 2072
  1298 630
  1299 625
  1300 1836
  1301 1193
  1302 2027
  1303 324
  1304 1663
  1305 1086
  1306 513
  1307 708
  1308 1424
  1309 1875
  1310 1891
  1311 471
  1312 777
  1313 1228
  1314 277
  1315 1921
  1316 1290
  1317 185
  1318 1928
  1319 947
  1320 1792
  1321 545
  1322 452
  1323 1124
  1324 1520
  1325 1697
  1326 931
  1327 692
  1328 1763
  1329 1603
  1330 1115
  1331 364
  1332 614
  1333 1039
  1334 2077
  1335 1771
  1336 84
  1337 76
  1338 2019
  1339 980
  1340 666
  1341 375
  1342 1017
  1343 1787
  1344 261
  1345 919
  1346 2121
  1347 575
  1348 392
  1349 1467
  1350 1068
  1351 1181
  1352 1538
  1353 1946
  1354 425
  1355 883
  1356 1675
  1357 1812
  1358 144
  1359 145
  1360 1336
  1361 442
  1362 1398
  1363 808
  1364 166
  1365 695
  1366 317
  1367 1777
  1368 157
  1369 2106
  1370 780
  1371 1493
  1372 1382
  1373 161
  1374 897
  1375 1654
  1376 1026
  1377 831
  1378 362
  1379 758
  1380 1204
  1381 985
  1382 1766
  1383 1421
  1384 2003
  1385 1610
  1386 1126
  1387 2166
  1388 990
  1389 1826
  1390 1248
  1391 810
  1392 1029
  1393 763
  1394 2122
  1395 762
  1396 263
  1397 1440
  1398 333
  1399 222
  1400 554
  1401 1059
  1402 1028
  1403 1801
  1404 2044
  1405 1097
  1406 291
  1407 1024
  1408 1859
  1409 443
  1410 191
  1411 194
  1412 702
  1413 643
  1414 1589
  1415 557
  1416 1867
  1417 330
  1418 422
  1419 1430
  1420 750
  1421 1624
  1422 295
  1423 332
  1424 1555
  1425 283
  1426 1450
  1427 485
  1428 26
  1429 756
  1430 2155
  1431 450
  1432 982
  1433 1535
  1434 1434
  1435 1088
  1436 1764
  1437 1162
  1438 1931
  1439 723
  1440 1102
  1441 1737
  1442 850
  1443 1165
  1444 543
  1445 1673
  1446 901
  1447 1244
  1448 1308
  1449 68
  1450 547
  1451 757
  1452 453
  1453 1545
  1454 857
  1455 2045
  1456 269
  1457 910
  1458 566
  1459 605
  1460 96
  1461 1743
  1462 942
  1463 463
  1464 1719
  1465 489
  1466 493
  1467 839
  1468 1352
  1469 1309
  1470 1199
  1471 179
  1472 1310
  1473 381
  1474 1418
  1475 1375
  1476 1022
  1477 1684
  1478 243
  1479 1894
  1480 1918
  1481 167
  1482 1477
  1483 1232
  1484 1641
  1485 1963
  1486 2100
  1487 1739
  1488 615
  1489 1957
  1490 651
  1491 296
  1492 354
  1493 938
  1494 2005
  1495 1525
  1496 12
  1497 1206
  1498 1951
  1499 1860
  1500 1686
  1501 1253
  1502 718
  1503 707
  1504 305
  1505 1459
  1506 1007
  1507 541
  1508 256
  1509 206
  1510 682
  1511 312
  1512 1000
  1513 2071
  1514 1191
  1515 1950
  1516 1461
  1517 1723
  1518 237
  1519 31
  1520 1620
  1521 1902
  1522 1882
  1523 611
  1524 622
  1525 963
  1526 388
  1527 1125
  1528 1761
  1529 866
  1530 210
  1531 907
  1532 1998
  1533 2017
  1534 612
  1535 1772
  1536 1053
  1537 155
  1538 1898
  1539 1824
  1540 969
  1541 304
  1542 1192
  1543 1814
  1544 475
  1545 518
  1546 768
  1547 712
  1548 220
  1549 56
  1550 192
  1551 1539
  1552 670
  1553 903
  1554 1293
  1555 628
  1556 653
  1557 1157
  1558 974
  1559 93
  1560 227
  1561 618
  1562 1444
  1563 1712
  1564 1727
  1565 306
  1566 546
  1567 914
  1568 2037
  1569 239
  1570 767
  1571 923
  1572 1109
  1573 1988
  1574 1522
  1575 146
  1576 188
  1577 1186
  1578 258
  1579 1006
  1580 1532
  1581 42
  1582 803
  1583 99
  1584 1935
  1585 1573
  1586 1701
  1587 1240
  1588 178
  1589 1409
  1590 1346
  1591 681
  1592 217
  1593 1566
  1594 1385
  1595 70
  1596 2024
  1597 1775
  1598 884
  1599 377
  1600 1665
  1601 1487
  1602 4
  1603 1982
  1604 1572
  1605 908
  1606 2040
  1607 1214
  1608 1486
  1609 2031
  1610 621
  1611 389
  1612 50
  1613 1046
  1614 939
  1615 1051
  1616 2167
  1617 1570
  1618 1284
  1619 1010
  1620 1403
  1621 1159
  1622 2042
  1623 1110
  1624 401
  1625 1968
  1626 14
  1627 177
  1628 1751
  1629 1619
  1630 1940
  1631 872
  1632 1596
  1633 410
  1634 197
  1635 1531
  1636 2088
  1637 672
  1638 1593
  1639 1758
  1640 667
  1641 1798
  1642 150
  1643 791
  1644 715
  1645 413
  1646 1717
  1647 1442
  1648 114
  1649 1916
  1650 1529
  1651 941
  1652 528
  1653 1003
  1654 1392
  1655 1597
  1656 953
  1657 1889
  1658 1447
  1659 560
  1660 1997
  1661 199
  1662 2051
  1663 2129
  1664 1376
  1665 419
  1666 1215
  1667 201
  1668 1958
  1669 1696
  1670 1586
  1671 886
  1672 2139
  1673 992
  1674 1246
  1675 91
  1676 593
  1677 280
  1678 858
  1679 1168
  1680 906
  1681 781
  1682 268
  1683 1433
  1684 1825
  1685 1163
  1686 285
  1687 2093
  1688 248
  1689 1354
  1690 843
  1691 811
  1692 729
  1693 1627
  1694 164
  1695 2022
  1696 792
  1697 1234
  1698 1842
  1699 32
  1700 1829
  1701 1803
  1702 1879
  1703 1611
  1704 1324
  1705 1237
  1706 786
  1707 1069
  1708 704
  1709 1973
  1710 2169
  1711 1809
  1712 1515
  1713 2009
  1714 1598
  1715 427
  1716 100
  1717 2152
  1718 1778
  1719 279
  1720 1779
  1721 1021
  1722 1148
  1723 1231
  1724 315
  1725 58
  1726 1652
  1727 342
  1728 1600
  1729 110
  1730 861
  1731 1468
  1732 958
  1733 1463
  1734 555
  1735 689
  1736 1613
  1737 961
  1738 1563
  1739 1370
  1740 1671
  1741 784
  1742 1540
  1743 1873
  1744 225
  1745 577
  1746 539
  1747 1735
  1748 1964
  1749 2114
  1750 1568
  1751 747
  1752 679
  1753 2016
  1754 533
  1755 1796
  1756 2119
  1757 159
  1758 1685
  1759 1282
  1760 1833
  1761 2150
  1762 860
  1763 2062
  1764 637
  1765 832
  1766 694
  1767 478
  1768 799
  1769 964
  1770 95
COMMENT: TIMESTEP: 1
ORDERS_SECTION
  1 2 3 4 1495
  2 5
  3 6 7
  4 8 9
  5 10 11
  6 12
  7 13 14 15 587
  8 16
  9 17 18 19
  10 20 21
  11 22 23
  12 24
  13 25
  14 26 322
  15 27 1706
  16 28 29
  17 30 31
  18 32 33
  19 34 35
  20 36
  21 37 38 39
  22 40 41 382
  23 42 43 44 1519
  24 45 46
  25 47
  26 48 49
  27 50 51
  28 52 53 54 1730 858
  29 55 56
  30 57 58
  31 59 60
  32 61
  33 62 63
  34 64 65
  35 66 67
  36 68 69 70 1312 880
  37 71
  38 72 73 1716
  39 74 1372
  40 75 76 779
  41 77 78 839
  42 79 80 81
  43 82 83
  44 84 85 86
  45 87
  46 88
  47 89 90 91
  48 92 93 972
  49 94 95
  50 96 97
  51 98 99
  52 100 101 102 1292
  53 103
  54 104 1072
  55 105 106
  56 107 108 109
  57 110 111 856
  58 112 186
  59 113 114 115 1509
  60 116 117 118 1281
  61 119 120 121 1312
  62 122 123 124
  63 125 126 127
  64 128 129
  65 130 131 132
  66 133 134 135
  67 136 1296 916
  68 137 138 139
  69 140 141 142 1658
  70 143
  71 144 145 146 13
  72 147
  73 148 149
  74 150 151 152
  75 153 154 155
  76 156
  77 157 158 797
  78 159
  79 160 161 162 82
  80 163 164
  81 165 166 167
  82 168 169
  83 170 171 172
  84 173 174
  85 175
  86 176 177
  87 178 179 180
  88 181 182 72
  89 183
  90 184 185 186
  91 187 1023
  92 188
  93 189 190 191
  94 192 193
  95 194
  96 195
  97 196 197 198 1532
  98 199 200
  99 201 202 203 635
  100 204
  101 205
  102 206
  103 207 208 209
  104 210 1327
  105 211 212 983
  106 213 1452
  107 214 215 216
  108 217 218
  109 219 220 221
  110 222 223
  111 224 225 226 740
  112 227 228 229
  113 230
  114 231
  115 232 233 234
  116 235 236
  117 237
  118 238 239 240
  119 241
  120 242 243 244
  121 245 246 698
  122 247 248
  123 249 250 752
  124 251 820
  125 252 253
  126 254
  127 255 256 257
  128 258 259 260
  129 261 1044
  130 262
  131 263 264 1092
  132 265 266 267
  133 268
  134 269 270 957 299
  135 271 272
  136 273
  137 274
  138 275 276
  139 277 278 279 262
  140 280
  141 281 282
  142 283 284
  143 285
  144 286 287 288
  145 289
  146 290 291
  147 292 293
  148 294 295 552 480
  149 296 297
  150 298 1343
  151 299
  152 300 301 302
  153 303
  154 304 305 306
  155 307 308 552
  156 309
  157 310 311
  158 312 313
  159 314 315
  160 316 72
  161 317 584
  162 318 319 320
  163 321 322 323
  164 324
  165 325 326 327
  166 328 446
  167 329 330 331
  168 332 333
  169 334 335 533
  170 336 337 338
  171 339 340 341
  172 342 343
  173 344
  174 345 1064
  175 346 347 348
  176 349 350 351
  177 352
  178 353 354 355
  179 356
  180 357 358 359 61
  181 360 361
  182 362
  183 363 364
  184 365 366 367
  185 368 369
  186 370 371
  187 372
  188 373 374
  189 375 376 377
  190 378 379
  191 380 381
  192 382
  193 383 384
  194 385 386 387
  195 388 1683
  196 389 390 391 168
  197 392 393 394
  198 395
  199 396 397
  200 398
  201 399 400 401 548
  202 402
  203 403 404 405 256
  204 406 407
  205 408 409 410
  206 411 412
  207 413 414 415
  208 416 417 781
  209 418 419 420
  210 421 422
  211 423 424 425
  212 426 427 428
  213 429 430
  214 431 432
  215 433 434 435 99
  216 436 437 438
  217 439 440 441
  218 442 443
  219 444
  220 445 446 447
  221 448 449
  222 450 451 790
  223 452 453 454
  224 455 456 457
  225 458 1710
  226 459 460 461
  227 462 463
  228 464 465
  229 466 467 468
  230 469 470 471
  231 472 473 1343
  232 474 475
  233 476 477 882
  234 478 479
  235 480
  236 481
  237 482 483 484
  238 485
  239 486
  240 487 488 489
  241 490 491 492 853
  242 493
  243 494 495
  244 496 497
  245 498 1025
  246 499
  247 500
  248 501 502 253
  249 503 504
  250 505
  251 506 507 508 36
  252 509
  253 510 511 512 1396
  254 513 514 515
  255 516 2
  256 517 518
  257 519 1687
  258 520
  259 521 522 523 1072
  260 524 525 526
  261 527 528 529
  262 530 531 532
  263 533
  264 534 535
  265 536
  266 537 538 539
  267 540 541
  268 542
  269 543 544
  270 545 546 547 477
  271 548 1102
  272 549 550 551 1665
  273 552
  274 553
  275 554 555 556
  276 557 558 559
  277 560
  278 561 562 563
  279 564 565
  280 566 567
  281 568
  282 569
  283 570
  284 571
  285 572 573 574 1563
  286 575 576
  287 577 578 579
  288 580 581 582 965
  289 583
  290 584
  291 585
  292 586 587
  293 588
  294 589 590 591
  295 592
  296 593 594 595
  297 596 597 1020
  298 598 599
  299 600 601
  300 602 603 1045
  301 604 605
  302 606
  303 607
  304 608 609
  305 610 611 612
  306 613
  307 614
  308 615 616 617 297
  309 618 619 620
  310 621 622 623 1665 211
  311 624 625 626
  312 627 628 629
  313 630 631 755 1484
  314 632 633
  315 634
  316 635
  317 636 637
  318 638 639 640
  319 641 1592
  320 642 643 644 1342
  321 645
  322 646 647 745
  323 648 649 1054
  324 650 651
  325 652 653 654 872
  326 655 656 657
  327 658 659
  328 660
  329 661 662 663 786
  330 664 665
  331 666 1111 1296
  332 667 668 669
  333 670 671 107
  334 672 673 674
  335 675 676 778
  336 677
  337 678
  338 679
  339 680 681 682 595
  340 683 684 685 1557
  341 686 687
  342 688 689
  343 690 691
  344 692
  345 693 694 738 1024
  346 695 696
  347 697
  348 698 699
  349 700 701
  350 702 703 704
  351 705 706 707
  352 708 709
  353 710 711 798
  354 712
  355 713 714
  356 715 716
  357 717 718 719
  358 720 721 722
  359 723 724 1161
  360 725 726 727
  361 728
  362 729 730 1312
  363 731 732
  364 733 734
  365 735 736 737
  366 738 739
  367 740 741
  368 742 743
  369 744 745 746
  370 747 748
  371 749 750 206 1035
  372 751 752 753
  373 754 755 756 1594
  374 757 758
  375 759
  376 760 761
  377 762 94 575
  378 763 764 765 1641
  379 766 767 768
  380 769 770 771
  381 772 773
  382 774 775 776
  383 777
  384 778 779 698 1295
  385 780
  386 781 782 783
  387 784
  388 785 786 309
  389 787 788 789
  390 790 791
  391 792
  392 793 794
  393 795
  394 796
  395 797
  396 798 799
  397 800 801 802
  398 803 804
  399 805 806 807
  400 808 809 810
  401 811 812 813 1145
  402 814 815
  403 816 817 818
  404 819 820 1525
  405 821 822
  406 823
  407 824 825
  408 826
  409 827
  410 828 829
  411 830 831 832
  412 833 834 522
  413 835 836 837
  414 838 839 840
  415 841
  416 842 843 844
  417 845 846 847
  418 848 849 114
  419 850
  420 851 852 853
  421 854
  422 855 1227
  423 856 857 858
  424 859 860 861
  425 862 863
  426 864
  427 865 866 867
  428 868 869
  429 870 871 1127 340 1311
  430 872
  431 873 874 875 1605
  432 876 877
  433 878
  434 879 880 881
  435 882
  436 883 884 324
  437 885
  438 886 887 888 478
  439 889 406 486
  440 890 891 892
  441 893
  442 894
  443 895
  444 896 897 898 579 404
  445 899 859 249
  446 900 901
  447 902 903 904
  448 905 906
  449 907 908
  450 909 910 911 39
  451 912 913 914 402
  452 915 916
  453 917
  454 918 919 920
  455 921 922 923 1464
  456 924
  457 925 926 927
  458 928 509
  459 929 930
  460 931 309
  461 932 933 934 1351
  462 935 995
  463 936 937 938
  464 939 940 941 1612
  465 942 943 1016
  466 944 945 946
  467 947 948 949 1203
  468 950 951 1464
  469 952 1039
  470 953 954 955
  471 956 957
  472 958
  473 959 960 961
  474 962 963 964
  475 965 966
  476 967 968 969
  477 970
  478 971 972 973
  479 974 975 976
  480 977 978 1193
  481 979
  482 980 981 982
  483 983 984
  484 985 986 987 778
  485 988 989 1309 1556
  486 990
  487 991 992
  488 993
  489 994 995
  490 996 997 998 1231 1323
  491 999 1000
  492 1001 1002 1003
  493 1004
  494 1005 1006
  495 1007
  496 1008 1009 1010
  497 1011 1012 1013
  498 1014 1015 1016
  499 1017 1018 1019
  500 1020 1021
  501 1022 1023
  502 1024
  503 1025 1026 1027
  504 1028 1029 1030
  505 1031 308
  506 1032 1033 1034
  507 1035 1036 1037 1002
  508 1038
  509 1039 1040 1041
  510 1042 1043
  511 1044 1045
  512 1046 1047
  513 1048 1049
  514 1050 1051 1052
  515 1053 1054 874
  516 1055
  517 1056
  518 1057
  519 1058 1059 94
  520 1060 1061
  521 1062 1063 719 1039
  522 1064
  523 1065 1066 477 706
  524 1067 1416
  525 1068 1069
  526 1070 1071
  527 1072 1073 1074
  528 1075 481
  529 1076 1077
  530 1078 1079 1080
  531 1081 1240
  532 1082 1083 1084
  533 1085
  534 1086
  535 1087 1088 1089
  536 1090 1091 1092 1422
  537 1093 1094
  538 1095 1096 1097 1715
  539 1098
  540 1099 634
  541 1100 1341
  542 1101
  543 1102 1103 1104
  544 1105
  545 1106 1107 1108 846
  546 1109 1110
  547 1111
  548 1112 1113 1114
  549 1115 1116 1117 1396
  550 1118
  551 1119
  552 1120
  553 1121 1122 1123
  554 1124
  555 1125 1126 1127 1170
  556 1128 1129
  557 1130 1131
  558 1132 1133 1134 1505
  559 1135
  560 1136 129
  561 1137 973
  562 1138
  563 1139 1769
  564 1140 1141 1142 253 999
  565 1143 1144 1145 666
  566 1146 1147 1148
  567 1149 1150
  568 1151 1152 1153 126
  569 1154 1155
  570 1156 1157 1158 1596
  571 1159 1160 1161 1629
  572 1162 1163 1164
  573 1165 1166
  574 1167 1168 728
  575 1169 896
  576 1170 1171
  577 1172
  578 1173 1174
  579 1175
  580 1176 1177
  581 1178 1179
  582 1180 1181
  583 1182 1183 1184
  584 1185 1186 1187
  585 1188 1189 1190
  586 1191 1192 404
  587 1193 1194
  588 1195 1196
  589 1197 1198 1199
  590 1200
  591 1201 1202
  592 1203
  593 1204 1205
  594 1206 1207 1208
  595 1209 1210 1270 1267
  596 1211
  597 1212 598
  598 1213 1214 1215
  599 1216 1217
  600 1218
  601 1219
  602 1220 1221
  603 1222
  604 1223 1224
  605 1225 777
  606 1226 1227
  607 1228 1229 1576
  608 1230 1231
  609 1232 1233 1219
  610 1234 1235
  611 1236 1237 1238
  612 1239 1240
  613 1241
  614 1242 1243 1244 380 486
  615 1245
  616 1246 1247
  617 1248
  618 1249 1250 1251
  619 1252 1253
  620 1254 1255
  621 1256
  622 1257 1258 1259
  623 1260 1261
  624 1262 1263
  625 1264 1265 1266
  626 1267 167
  627 1268 1269 1270
  628 1271 1272
  629 1273
  630 1274 1275 1276 1175
  631 1277 270
  632 1278 1279
  633 1280 1613
  634 1281 1282
  635 1283 1284
  636 1285
  637 1286 1287
  638 1288 1289 1290
  639 1291
  640 1292
  641 1293 1294
  642 1295 228 22
  643 1296 1297 1298
  644 1299 1300 1301 187
  645 1302 1303
  646 1304 1305
  647 1306 1307
  648 1308
  649 1309
  650 1310
  651 1311 1561
  652 1312
  653 1313 1314 1315 822
  654 1316
  655 1317
  656 1318 1319 1320 359
  657 1321
  658 1322
  659 1323
  660 1324 1325 1326
  661 1327 345
  662 1328 1329
  663 1330
  664 1331 1332 1333
  665 1334 1335 1336 1698
  666 1337 1338 1339
  667 1340 1341
  668 1342
  669 1343 1344
  670 1345 1346
  671 1347 1348 1349
  672 1350 1351
  673 1352 1353 1354
  674 1355 1356
  675 1357
  676 1358 1359
  677 1360 1361 1362
  678 1363 1364 1365
  679 1366 1172
  680 1367 1368
  681 1369 1370 1371
  682 1372 1373
  683 1374 1375
  684 1376
  685 1377 1378
  686 1379
  687 1380
  688 1381
  689 1382 1383 1384 641
  690 1385 1386 1387 486
  691 1388 1389
  692 1390 1391 553
  693 1392 1393 1394
  694 1395
  695 1396
  696 1397 1398 1399
  697 1400
  698 1401
  699 1402
  700 1403
  701 1404 1405 1406
  702 1407 1408
  703 1409 1410
  704 1411 1412
  705 1413 1414 1415
  706 1416 274
  707 1417 1418
  708 1419
  709 1420 262
  710 1421 1422
  711 1423 1424 1425
  712 1426 1427 1428
  713 1429 1430 1431
  714 1432 1433
  715 1434 1435
  716 1436 1437 1438
  717 1439 758
  718 1440 1441 1442 710
  719 1443 1444 1445
  720 1446
  721 1447 1448 1449 665
  722 1450 23
  723 1451 1452
  724 1453 1454 1455 1345
  725 1456 544
  726 1457 1458
  727 1459 1460 1461 1119
  728 1462 1463
  729 1464
  730 1465
  731 1466 1467 1468 1175
  732 1469 1470 1471
  733 1472 518
  734 1473 1474 242 478
  735 1475 1476 71
  736 1477 1478 1479
  737 1480 1481 1482
  738 1483 1484
  739 1485
  740 1486 1487
  741 1488 1489 1490
  742 1491 1492 1493
  743 1494 1495
  744 1496 1497
  745 1498 1499 1500 674
  746 1501
  747 1502 1503 1504
  748 1505 1506 1507 1683
  749 1508 1509 1510
  750 1511
  751 1512
  752 1513 1514
  753 1515 1516 1517
  754 1518
  755 1519
  756 1520 1521
  757 1522 1523 579 777
  758 1524 1525
  759 1526 1527 1528
  760 1529
  761 1530 1531
  762 1532 562
  763 1533 1534 1535
  764 1536 1537
  765 1538 1539 1540
  766 1541 1542 1240
  767 1543 1544
  768 1545 1546 1547
  769 1548 1549 1550 200
  770 1551 1552 1553 592
  771 1554 1555 1556 1300
  772 1557 1558
  773 1559 1560
  774 1561 1562
  775 1563 1564 1565
  776 1566
  777 1567 329 1770
  778 1568 1569 1570
  779 1571
  780 1572 1573 1574 157
  781 1575
  782 1576 1577 1578
  783 1579
  784 1580
  785 1581 1582 402
  786 1583 285
  787 1584 1585
  788 1586 1587
  789 1588 1589
  790 1590
  791 1591 1395
  792 1592 1593
  793 1594 1595
  794 1596 1597 1598 927 485
  795 1599 820 284
  796 1600 1601
  797 1602 1603
  798 1604 1605 850
  799 1606
  800 1607 1608 1609
  801 1610 1611 22
  802 1612 1613
  803 1614 1615 1454
  804 1616
  805 1617
  806 1618 1619 1163
  807 1620 1621 1622
  808 1623
  809 1624 1625
  810 1626 1627
  811 1628
  812 1629 188
  813 1630
  814 1631 1632 1633
  815 1634 1635 1636
  816 1637 1638 1639
  817 1640 1641
  818 1642 1643
  819 1644 1645
  820 1646
  821 1647 372
  822 1648 1649
  823 1650 1651 1652
  824 1653 1654
  825 1655 1656 1657
  826 1658
  827 1659 1660 1661 451
  828 1662 1663
  829 1664 1100
  830 1665
  831 1666 1667 1668
  832 1669 1670 1671 1528
  833 1672 1673
  834 1674 1675 1676
  835 1677 1678 1679 472
  836 1680 1681 1682 1055
  837 1683
  838 1684 1685 1686 868
  839 1687
  840 1688
  841 1689 1690 1691 874 123
  842 1692 1693 1643
  843 1694 1695
  844 1696 1697
  845 1698 1699
  846 1700 1701 1702 232
  847 1703 1704 1705
  848 1706
  849 1707 1708 1709 406 552 1110
  850 1710 1711
  851 1712 1713 1714 1197 464
  852 1715 198
  853 1716 1717
  854 1718 1719 1720
  855 1721 555
  856 1722 1723 1724
  857 1725
  858 1726 1509
  859 1727 1728 1729
  860 1730 1731 1732 82
  861 1733 1734
  862 1735 1736 1737
  863 1738 1739 1740
  864 1741
  865 1742 1743
  866 1744 1745 490
  867 1746 1747 1748 580
  868 1749 1750
  869 1751 1752 1753
  870 1754 1755 303
  871 1756 1757 1758 536
  872 1759 1760 1761
  873 1762 1763 1764
  874 1765 1766 1241
  875 1767 1095
  876 1768 1070
  877 1769 1770 697
TIME_AVAIL_SECTION
  1 1
  2 1
  3 1
  4 1
  5 1
  6 1
  7 1
  8 1
  9 1
  10 1
  11 1
  12 1
  13 1
  14 1
  15 1
  16 1
  17 1
  18 1
  19 1
  20 1
  21 1
  22 1
  23 1
  24 1
  25 1
  26 1
  27 1
  28 1
  29 1
  30 1
  31 1
  32 1
  33 1
  34 1
  35 1
  36 1
  37 1
  38 1
  39 1
  40 1
  41 1
  42 1
  43 1
  44 1
  45 1
  46 1
  47 1
  48 1
  49 1
  50 1
  51 1
  52 1
  53 1
  54 1
  55 1
  56 1
  57 1
  58 1
  59 1
  60 1
  61 1
  62 1
  63 1
  64 1
  65 1
  66 1
  67 1
  68 1
  69 1
  70 1
  71 1
  72 1
  73 1
  74 1
  75 1
  76 1
  77 1
  78 1
  79 1
  80 1
  81 1
  82 1
  83 1
  84 1
  85 1
  86 1
  87 1
  88 1
  89 1
  90 1
  91 1
  92 1
  93 1
  94 1
  95 1
  96 1
  97 1
  98 1
  99 1
  100 1
  101 1
  102 1
  103 1
  104 1
  105 1
  106 1
  107 1
  108 1
  109 1
  110 1
  111 1
  112 1
  113 1
  114 1
  115 1
  116 1
  117 1
  118 1
  119 1
  120 1
  121 1
  122 1
  123 1
  124 1
  125 1
  126 1
  127 1
  128 1
  129 1
  130 1
  131 1
  132 1
  133 1
  134 1
  135 1
  136 1
  137 1
  138 1
  139 1
  140 1
  141 1
  142 1
  143 1
  144 1
  145 1
  146 1
  147 1
  148 1
  149 1
  150 1
  151 1
  152 1
  153 1
  154 1
  155 1
  156 1
  157 1
  158 1
  159 1
  160 1
  161 1
  162 1
  163 1
  164 1
  165 1
  166 1
  167 1
  168 1
  169 1
  170 1
  171 1
  172 1
  173 1
  174 1
  175 1
  176 1
  177 1
  178 1
  179 1
  180 1
  181 1
  182 1
  183 1
  184 1
  185 1
  186 1
  187 1
  188 1
  189 1
  190 1
  191 1
  192 1
  193 1
  194 1
  195 1
  196 1
  197 1
  198 1
  199 1
  200 1
  201 1
  202 1
  203 1
  204 1
  205 1
  206 1
  207 1
  208 1
  209 1
  210 1
  211 1
  212 1
  213 1
  214 1
  215 1
  216 1
  217 1
  218 1
  219 1
  220 1
  221 1
  222 1
  223 1
  224 1
  225 1
  226 1
  227 1
  228 1
  229 1
  230 1
  231 1
  232 1
  233 1
  234 1
  235 1
  236 1
  237 1
  238 1
  239 1
  240 1
  241 1
  242 1
  243 1
  244 1
  245 1
  246 1
  247 1
  248 1
  249 1
  250 1
  251 1
  252 1
  253 1
  254 1
  255 1
  256 1
  257 1
  258 1
  259 1
  260 1
  261 1
  262 1
  263 1
  264 1
  265 1
  266 1
  267 1
  268 1
  269 1
  270 1
  271 1
  272 1
  273 1
  274 1
  275 1
  276 1
  277 1
  278 1
  279 1
  280 1
  281 1
  282 1
  283 1
  284 1
  285 1
  286 1
  287 1
  288 1
  289 1
  290 1
  291 1
  292 1
  293 1
  294 1
  295 1
  296 1
  297 1
  298 1
  299 1
  300 1
  301 1
  302 1
  303 1
  304 1
  305 1
  306 1
  307 1
  308 1
  309 1
  310 1
  311 1
  312 1
  313 1
  314 1
  315 1
  316 1
  317 1
  318 1
  319 1
  320 1
  321 1
  322 1
  323 1
  324 1
  325 1
  326 1
  327 1
  328 1
  329 1
  330 1
  331 1
  332 1
  333 1
  334 1
  335 1
  336 1
  337 1
  338 1
  339 1
  340 1
  341 1
  342 1
  343 1
  344 1
  345 1
  346 1
  347 1
  348 1
  349 1
  350 1
  351 1
  352 1
  353 1
  354 1
  355 1
  356 1
  357 1
  358 1
  359 1
  360 1
  361 1
  362 1
  363 1
  364 1
  365 1
  366 1
  367 1
  368 1
  369 1
  370 1
  371 1
  372 1
  373 1
  374 1
  375 1
  376 1
  377 1
  378 1
  379 1
  380 1
  381 1
  382 1
  383 1
  384 1
  385 1
  386 1
  387 1
  388 1
  389 1
  390 1
  391 1
  392 1
  393 1
  394 1
  395 1
  396 1
  397 1
  398 1
  399 1
  400 1
  401 1
  402 1
  403 1
  404 1
  405 1
  406 1
  407 1
  408 1
  409 1
  410 1
  411 1
  412 1
  413 1
  414 1
  415 1
  416 1
  417 1
  418 1
  419 1
  420 1
  421 1
  422 1
  423 1
  424 1
  425 1
  426 1
  427 1
  428 1
  429 1
  430 1
  431 1
  432 1
  433 1
  434 1
  435 1
  436 1
  437 1
  438 1
  439 1
  440 1
  441 1
  442 1
  443 1
  444 1
  445 1
  446 1
  447 1
  448 1
  449 1
  450 1
  451 1
  452 1
  453 1
  454 1
  455 1
  456 1
  457 1
  458 1
  459 1
  460 1
  461 1
  462 1
  463 1
  464 1
  465 1
  466 1
  467 1
  468 1
  469 1
  470 1
  471 1
  472 1
  473 1
  474 1
  475 1
  476 1
  477 1
  478 1
  479 1
  480 1
  481 1
  482 1
  483 1
  484 1
  485 1
  486 1
  487 1
  488 1
  489 1
  490 1
  491 1
  492 1
  493 1
  494 1
  495 1
  496 1
  497 1
  498 1
  499 1
  500 1
  501 1
  502 1
  503 1
  504 1
  505 1
  506 1
  507 1
  508 1
  509 1
  510 1
  511 1
  512 1
  513 1
  514 1
  515 1
  516 1
  517 1
  518 1
  519 1
  520 1
  521 1
  522 1
  523 1
  524 1
  525 1
  526 1
  527 1
  528 1
  529 1
  530 1
  531 1
  532 1
  533 1
  534 1
  535 1
  536 1
  537 1
  538 1
  539 1
  540 1
  541 1
  542 1
  543 1
  544 1
  545 1
  546 1
  547 1
  548 1
  549 1
  550 1
  551 1
  552 1
  553 1
  554 1
  555 1
  556 1
  557 1
  558 1
  559 1
  560 1
  561 1
  562 1
  563 1
  564 1
  565 1
  566 1
  567 1
  568 1
  569 1
  570 1
  571 1
  572 1
  573 1
  574 1
  575 1
  576 1
  577 1
  578 1
  579 1
  580 1
  581 1
  582 1
  583 1
  584 1
  585 1
  586 1
  587 1
  588 1
  589 1
  590 1
  591 1
  592 1
  593 1
  594 1
  595 1
  596 1
  597 1
  598 1
  599 1
  600 1
  601 1
  602 1
  603 1
  604 1
  605 1
  606 1
  607 1
  608 1
  609 1
  610 1
  611 1
  612 1
  613 1
  614 1
  615 1
  616 1
  617 1
  618 1
  619 1
  620 1
  621 1
  622 1
  623 1
  624 1
  625 1
  626 1
  627 1
  628 1
  629 1
  630 1
  631 1
  632 1
  633 1
  634 1
  635 1
  636 1
  637 1
  638 1
  639 1
  640 1
  641 1
  642 1
  643 1
  644 1
  645 1
  646 1
  647 1
  648 1
  649 1
  650 1
  651 1
  652 1
  653 1
  654 1
  655 1
  656 1
  657 1
  658 1
  659 1
  660 1
  661 1
  662 1
  663 1
  664 1
  665 1
  666 1
  667 1
  668 1
  669 1
  670 1
  671 1
  672 1
  673 1
  674 1
  675 1
  676 1
  677 1
  678 1
  679 1
  680 1
  681 1
  682 1
  683 1
  684 1
  685 1
  686 1
  687 1
  688 1
  689 1
  690 1
  691 1
  692 1
  693 1
  694 1
  695 1
  696 1
  697 1
  698 1
  699 1
  700 1
  701 1
  702 1
  703 1
  704 1
  705 1
  706 1
  707 1
  708 1
  709 1
  710 1
  711 1
  712 1
  713 1
  714 1
  715 1
  716 1
  717 1
  718 1
  719 1
  720 1
  721 1
  722 1
  723 1
  724 1
  725 1
  726 1
  727 1
  728 1
  729 1
  730 1
  731 1
  732 1
  733 1
  734 1
  735 1
  736 1
  737 1
  738 1
  739 1
  740 1
  741 1
  742 1
  743 1
  744 1
  745 1
  746 1
  747 1
  748 1
  749 1
  750 1
  751 1
  752 1
  753 1
  754 1
  755 1
  756 1
  757 1
  758 1
  759 1
  760 1
  761 1
  762 1
  763 1
  764 1
  765 1
  766 1
  767 1
  768 1
  769 1
  770 1
  771 1
  772 1
  773 1
  774 1
  775 1
  776 1
  777 1
  778 1
  779 1
  780 1
  781 1
  782 1
  783 1
  784 1
  785 1
  786 1
  787 1
  788 1
  789 1
  790 1
  791 1
  792 1
  793 1
  794 1
  795 1
  796 1
  797 1
  798 1
  799 1
  800 1
  801 1
  802 1
  803 1
  804 1
  805 1
  806 1
  807 1
  808 1
  809 1
  810 1
  811 1
  812 1
  813 1
  814 1
  815 1
  816 1
  817 1
  818 1
  819 1
  820 1
  821 1
  822 1
  823 1
  824 1
  825 1
  826 1
  827 1
  828 1
  829 1
  830 1
  831 1
  832 1
  833 1
  834 1
  835 1
  836 1
  837 1
  838 1
  839 1
  840 1
  841 1
  842 1
  843 1
  844 1
  845 1
  846 1
  847 1
  848 1
  849 1
  850 1
  851 1
  852 1
  853 1
  854 1
  855 1
  856 1
  857 1
  858 1
  859 1
  860 1
  861 1
  862 1
  863 1
  864 1
  865 1
  866 1
  867 1
  868 1
  869 1
  870 1
  871 1
  872 1
  873 1
  874 1
  875 1
  876 1
  877 1
EOF
