VRPTEST 1.0
COMMENT: descr: Modified tsplib for the OBP
COMMENT: Best known objective: 9551.874
COMMENT: Computational time (s): 1071.667627
NAME: c1162_74cb
NUM_CAPACITIES: 1
NUM_VISITS: 1162
NUM_VEHICLES: 43
CAPACITIES: 12
DATA_SECTION
DEPOTS
  0
  1
VISIT_LOCATION_SECTION
  2 1042
  3 1489
  4 1541
  5 1331
  6 130
  7 1686
  8 1441
  9 1009
  10 1416
  11 1838
  12 1830
  13 887
  14 1142
  15 536
  16 1835
  17 1877
  18 764
  19 1312
  20 1405
  21 524
  22 1873
  23 471
  24 579
  25 708
  26 663
  27 602
  28 1400
  29 186
  30 1129
  31 7
  32 928
  33 1016
  34 1201
  35 1764
  36 1300
  37 331
  38 2065
  39 196
  40 253
  41 1526
  42 1151
  43 79
  44 1261
  45 1821
  46 770
  47 1099
  48 1055
  49 2043
  50 1452
  51 170
  52 1451
  53 226
  54 923
  55 758
  56 1508
  57 308
  58 1455
  59 1333
  60 984
  61 476
  62 411
  63 1353
  64 1921
  65 1091
  66 342
  67 379
  68 879
  69 250
  70 940
  71 603
  72 1954
  73 608
  74 440
  75 1386
  76 1412
  77 1410
  78 1453
  79 526
  80 1081
  81 2061
  82 1643
  83 1364
  84 1596
  85 930
  86 2105
  87 1875
  88 2160
  89 1825
  90 1360
  91 455
  92 1361
  93 1928
  94 1285
  95 996
  96 1383
  97 1846
  98 957
  99 693
  100 660
  101 1733
  102 1267
  103 1111
  104 2119
  105 609
  106 1190
  107 210
  108 1378
  109 140
  110 1890
  111 2052
  112 1251
  113 2055
  114 1674
  115 142
  116 194
  117 246
  118 354
  119 2154
  120 454
  121 339
  122 513
  123 871
  124 1977
  125 1971
  126 1038
  127 1561
  128 1132
  129 1949
  130 558
  131 1094
  132 839
  133 669
  134 1049
  135 1087
  136 1143
  137 2073
  138 1263
  139 1663
  140 523
  141 430
  142 1234
  143 2134
  144 474
  145 742
  146 1138
  147 684
  148 869
  149 748
  150 1393
  151 863
  152 1688
  153 1961
  154 1709
  155 793
  156 36
  157 701
  158 230
  159 374
  160 191
  161 955
  162 1882
  163 41
  164 1944
  165 421
  166 1203
  167 588
  168 2045
  169 841
  170 2001
  171 1186
  172 995
  173 970
  174 658
  175 1539
  176 1699
  177 560
  178 924
  179 38
  180 1161
  181 717
  182 1183
  183 42
  184 9
  185 2144
  186 1615
  187 1771
  188 1984
  189 2102
  190 1450
  191 2023
  192 1759
  193 1328
  194 652
  195 1394
  196 913
  197 88
  198 1482
  199 1343
  200 245
  201 1216
  202 847
  203 326
  204 242
  205 2021
  206 671
  207 364
  208 1687
  209 498
  210 213
  211 1062
  212 1904
  213 1710
  214 700
  215 111
  216 2016
  217 1649
  218 2048
  219 1289
  220 1781
  221 500
  222 1702
  223 1778
  224 1398
  225 31
  226 934
  227 510
  228 1118
  229 1411
  230 2150
  231 1008
  232 1604
  233 25
  234 443
  235 697
  236 828
  237 446
  238 106
  239 81
  240 733
  241 2054
  242 1739
  243 554
  244 1965
  245 572
  246 1587
  247 1282
  248 522
  249 62
  250 1616
  251 1600
  252 2059
  253 1004
  254 1498
  255 401
  256 1241
  257 762
  258 945
  259 606
  260 58
  261 818
  262 439
  263 87
  264 80
  265 1677
  266 382
  267 1268
  268 1350
  269 92
  270 1494
  271 668
  272 1177
  273 1740
  274 197
  275 472
  276 886
  277 517
  278 1638
  279 556
  280 1101
  281 135
  282 1381
  283 1315
  284 1152
  285 1423
  286 1070
  287 83
  288 665
  289 1458
  290 1344
  291 2071
  292 1664
  293 1810
  294 1930
  295 272
  296 1464
  297 390
  298 681
  299 189
  300 2147
  301 1337
  302 2116
  303 991
  304 1765
  305 1385
  306 876
  307 882
  308 495
  309 1808
  310 105
  311 1113
  312 1095
  313 107
  314 1980
  315 129
  316 1447
  317 280
  318 1250
  319 1262
  320 1976
  321 225
  322 644
  323 1675
  324 850
  325 1545
  326 967
  327 1656
  328 1750
  329 442
  330 426
  331 1487
  332 346
  333 1840
  334 1841
  335 1743
  336 735
  337 1592
  338 1319
  339 294
  340 406
  341 571
  342 1163
  343 1827
  344 1471
  345 278
  346 2077
  347 976
  348 1712
  349 1255
  350 656
  351 2026
  352 198
  353 570
  354 627
  355 1238
  356 1221
  357 318
  358 1103
  359 676
  360 204
  361 1296
  362 2096
  363 2011
  364 1145
  365 1467
  366 344
  367 212
  368 404
  369 1488
  370 1668
  371 477
  372 264
  373 1369
  374 496
  375 648
  376 1905
  377 1356
  378 163
  379 1313
  380 949
  381 1666
  382 2064
  383 328
  384 1112
  385 1907
  386 223
  387 1013
  388 918
  389 1200
  390 1804
  391 688
  392 1139
  393 1399
  394 1041
  395 1310
  396 564
  397 1196
  398 402
  399 1084
  400 645
  401 815
  402 2169
  403 1665
  404 1011
  405 1179
  406 2038
  407 1755
  408 937
  409 796
  410 2110
  411 74
  412 599
  413 968
  414 638
  415 1748
  416 260
  417 959
  418 954
  419 199
  420 45
  421 1341
  422 1371
  423 1173
  424 307
  425 619
  426 1431
  427 532
  428 383
  429 1037
  430 1888
  431 2157
  432 813
  433 2007
  434 864
  435 1189
  436 257
  437 1097
  438 1607
  439 1230
  440 315
  441 512
  442 445
  443 880
  444 760
  445 870
  446 1414
  447 1844
  448 1972
  449 906
  450 888
  451 292
  452 1899
  453 1176
  454 552
  455 964
  456 1789
  457 1155
  458 1117
  459 470
  460 288
  461 1322
  462 998
  463 2030
  464 804
  465 1608
  466 875
  467 1448
  468 765
  469 21
  470 777
  471 1252
  472 57
  473 438
  474 846
  475 1281
  476 1178
  477 2078
  478 711
  479 456
  480 962
  481 1044
  482 1501
  483 1280
  484 20
  485 690
  486 108
  487 2142
  488 249
  489 1435
  490 559
  491 844
  492 822
  493 1402
  494 1779
  495 1512
  496 1757
  497 1682
  498 1962
  499 1233
  500 1749
  501 1669
  502 1809
  503 49
  504 929
  505 1228
  506 1701
  507 103
  508 1982
  509 1438
  510 916
  511 1932
  512 24
  513 1528
  514 1258
  515 8
  516 1079
  517 1601
  518 1303
  519 381
  520 1015
  521 19
  522 1800
  523 182
  524 2115
  525 84
  526 469
  527 927
  528 1247
  529 1571
  530 734
  531 1242
  532 1632
  533 1020
  534 729
  535 1640
  536 436
  537 69
  538 1164
  539 148
  540 428
  541 999
  542 1670
  543 1146
  544 686
  545 857
  546 1569
  547 521
  548 1576
  549 1985
  550 1680
  551 1277
  552 598
  553 2101
  554 121
  555 1678
  556 1332
  557 1370
  558 1336
  559 960
  560 452
  561 1121
  562 335
  563 540
  564 1462
  565 2149
  566 1122
  567 2087
  568 368
  569 240
  570 650
  571 1273
  572 203
  573 447
  574 1158
  575 597
  576 1432
  577 1788
  578 237
  579 979
  580 1989
  581 1792
  582 174
  583 1650
  584 1673
  585 1994
  586 1876
  587 104
  588 2008
  589 677
  590 1080
  591 1960
  592 279
  593 2060
  594 834
  595 1175
  596 574
  597 493
  598 1510
  599 175
  600 1124
  601 435
  602 1547
  603 256
  604 1637
  605 767
  606 974
  607 1527
  608 1513
  609 200
  610 1736
  611 1626
  612 858
  613 23
  614 1762
  615 1885
  616 125
  617 1870
  618 922
  619 281
  620 1495
  621 1460
  622 895
  623 233
  624 2034
  625 1891
  626 329
  627 300
  628 323
  629 1063
  630 1456
  631 873
  632 1995
  633 561
  634 732
  635 675
  636 1278
  637 1165
  638 459
  639 1935
  640 1257
  641 211
  642 624
  643 933
  644 1850
  645 1208
  646 1814
  647 2113
  648 1918
  649 868
  650 437
  651 622
  652 1002
  653 750
  654 1248
  655 1085
  656 935
  657 1223
  658 1766
  659 781
  660 1529
  661 1185
  662 755
  663 1579
  664 325
  665 1404
  666 2103
  667 1056
  668 1486
  669 2050
  670 1660
  671 169
  672 181
  673 1298
  674 802
  675 501
  676 607
  677 1497
  678 433
  679 1492
  680 894
  681 1207
  682 1067
  683 1622
  684 1878
  685 284
  686 431
  687 417
  688 2092
  689 59
  690 634
  691 1931
  692 1436
  693 854
  694 2120
  695 2029
  696 11
  697 975
  698 859
  699 137
  700 1506
  701 2136
  702 2012
  703 1214
  704 229
  705 1768
  706 1945
  707 350
  708 1693
  709 363
  710 448
  711 1466
  712 2156
  713 1645
  714 1338
  715 2083
  716 1577
  717 43
  718 1732
  719 1760
  720 207
  721 71
  722 150
  723 1627
  724 491
  725 2032
  726 451
  727 1862
  728 3
  729 646
  730 2070
  731 1307
  732 604
  733 971
  734 1839
  735 1483
  736 1149
  737 832
  738 116
  739 1439
  740 586
  741 2164
  742 1807
  743 380
  744 1083
  745 1606
  746 1491
  747 1030
  748 843
  749 306
  750 299
  751 1160
  752 1003
  753 1631
  754 1224
  755 2162
  756 1391
  757 1543
  758 584
  759 113
  760 96
  761 673
  762 812
  763 1339
  764 29
  765 1767
  766 783
  767 1999
  768 34
  769 1959
  770 605
  771 338
  772 143
  773 2111
  774 263
  775 259
  776 1548
  777 814
  778 641
  779 1832
  780 977
  781 1382
  782 1316
  783 772
  784 775
  785 1996
  786 1297
  787 120
  788 1646
  789 1818
  790 1717
  791 2126
  792 1093
  793 577
  794 93
  795 667
  796 1058
  797 551
  798 547
  799 1345
  800 110
  801 2145
  802 132
  803 892
  804 1917
  805 484
  806 1938
  807 1334
  808 1933
  809 1922
  810 696
  811 582
  812 1698
  813 544
  814 1102
  815 1271
  816 1655
  817 1305
  818 1288
  819 432
  820 1858
  821 1575
  822 1077
  823 418
  824 1301
  825 509
  826 778
  827 1193
  828 463
  829 13
  830 550
  831 56
  832 1560
  833 1184
  834 1791
  835 1523
  836 1127
  837 2
  838 1939
  839 205
  840 236
  841 1769
  842 1647
  843 47
  844 659
  845 553
  846 756
  847 633
  848 63
  849 1582
  850 581
  851 620
  852 744
  853 987
  854 917
  855 2131
  856 1672
  857 1530
  858 131
  859 1116
  860 921
  861 1556
  862 1407
  863 1476
  864 642
  865 585
  866 1222
  867 1951
  868 1550
  869 997
  870 1884
  871 1195
  872 317
  873 1805
  874 133
  875 1202
  876 1801
  877 372
  878 2080
  879 943
  880 1324
  881 2002
  882 865
  883 877
  884 16
  885 365
  886 414
  887 1259
  888 817
  889 1603
  890 473
  891 1900
  892 1474
  893 400
  894 1828
  895 654
  896 728
  897 1943
  898 842
  899 1855
  900 1235
  901 478
  902 678
  903 27
  904 766
  905 2137
  906 184
  907 232
  908 1352
  909 90
  910 385
  911 1993
  912 1633
  913 1563
  914 754
  915 1635
  916 798
  917 1499
  918 386
  919 1625
  920 706
  921 1986
  922 1243
  923 408
  924 1747
  925 134
  926 2089
  927 1671
  928 640
  929 1751
  930 2053
  931 1187
  932 1169
  933 1318
  934 2158
  935 1611
  936 1772
  937 1586
  938 1806
  939 1211
  940 1843
  941 1937
  942 1326
  943 800
  944 1374
  945 932
  946 224
  947 2125
  948 948
  949 1849
  950 1533
  951 1090
  952 1114
  953 1619
  954 70
  955 835
  956 691
  957 1130
  958 1524
  959 649
  960 1110
  961 751
  962 1861
  963 819
  964 1147
  965 529
  966 337
  967 1612
  968 185
  969 1883
  970 1323
  971 1584
  972 1481
  973 1517
  974 162
  975 1658
  976 2010
  977 241
  978 172
  979 1915
  980 2153
  981 904
  982 795
  983 612
  984 2075
  985 465
COMMENT: TIMESTEP: 1
ORDERS_SECTION
  1 2 3
  2 4
  3 5 120
  4 6 7 8 232
  5 9 10
  6 11 12 13 496
  7 14 15 16
  8 17 18 19 499
  9 20
  10 21
  11 22 901
  12 23 283
  13 24 500
  14 25 26 27 764
  15 28 29
  16 30 31 32
  17 33 34 626
  18 35 36 37
  19 38 39
  20 40 41
  21 42 43 44
  22 45 46 47
  23 48
  24 49 50
  25 51
  26 52 53 154 604
  27 54 55 56 147
  28 57
  29 58 59
  30 60
  31 61 62 63
  32 64 65 333
  33 66 67
  34 68
  35 69 70 71
  36 72 946
  37 73
  38 74
  39 75 76
  40 77 78 79 109
  41 80 81
  42 82
  43 83 84 85 478
  44 86 87
  45 88 148
  46 89 90 91
  47 92 93 809 772
  48 94 95 96 104
  49 97
  50 98 99 100
  51 101 102
  52 103 104 105
  53 106
  54 107 108
  55 109 110 111
  56 112 113 114
  57 115 116 117 518
  58 118
  59 119 495
  60 120
  61 121 808
  62 122 123 124
  63 125
  64 126 318
  65 127 128 129 874
  66 130 131 132
  67 133 134 135
  68 136 137
  69 138
  70 139
  71 140
  72 141 467
  73 142
  74 143 144
  75 145 146 232
  76 147 148
  77 149 150 151 552
  78 152 153 154
  79 155
  80 156 157
  81 158 159
  82 160 161 162
  83 163 164 165
  84 166 167 712
  85 168
  86 169
  87 170 171 172
  88 173 177
  89 174
  90 175
  91 176 177 380
  92 178 179
  93 180
  94 181
  95 182
  96 183 184 255
  97 185 186
  98 187
  99 188 189 648
  100 190 191 589
  101 192 193
  102 194
  103 195
  104 196 197 198
  105 199 82 126
  106 200
  107 201
  108 202 203 204
  109 205 206 207 971
  110 208 209
  111 210
  112 211 212 213
  113 214 215 216
  114 217 218 703 269
  115 219 220
  116 221 222
  117 223 224 225
  118 226 227
  119 228 229
  120 230 231 668
  121 232 233 234
  122 235 175
  123 236 237 238
  124 239
  125 240
  126 241 242
  127 243 219 634
  128 244 245 246
  129 247 248
  130 249 250 251
  131 252 253
  132 254 255
  133 256
  134 257 258 259
  135 260 261
  136 262 263 264
  137 265 266 267
  138 268
  139 269
  140 270 271 272
  141 273 274 275
  142 276 277
  143 278
  144 279 572
  145 280 281
  146 282 283
  147 284
  148 285 286 287 279
  149 288 289
  150 290 291 292
  151 293 294 295
  152 296 297 80
  153 298
  154 299 300 301
  155 302 303 55
  156 304
  157 305 646
  158 306 307
  159 308 309
  160 310 311 312
  161 313 314 315
  162 316
  163 317 318
  164 319 320 534 593
  165 321 322 323 169
  166 324 325 326 485
  167 327 328 198
  168 329 330 270
  169 331
  170 332 497
  171 333
  172 334 335 336
  173 337 338 721
  174 339 340 133
  175 341 342 343
  176 344 345 346 126
  177 347 348
  178 349 350 260
  179 351 352 353 112
  180 354 355 356 681
  181 357
  182 358
  183 359
  184 360 361 362 426
  185 363 364
  186 365
  187 366 367 368
  188 369
  189 370
  190 371 372 373
  191 374 375 376
  192 377
  193 378 379
  194 380 381
  195 382 383
  196 384 385
  197 386
  198 387 388
  199 389
  200 390 391 392
  201 393 394 508
  202 395
  203 396 397
  204 398
  205 399
  206 400
  207 401 402
  208 403 404
  209 405
  210 406 257
  211 407 408 409
  212 410 411 412 223
  213 413 414 415
  214 416 417
  215 418
  216 419 420
  217 421 422
  218 423 424 274
  219 425 589
  220 426
  221 427 428
  222 429
  223 430 431 432 670
  224 433 434 435 16
  225 436 437 438
  226 439 440 441
  227 442
  228 443 444 177
  229 445 446
  230 447 284
  231 448 449
  232 450 104
  233 451 452
  234 453 265
  235 454
  236 455
  237 456 562
  238 457
  239 458 459
  240 460 461
  241 462
  242 463
  243 464 465 466
  244 467
  245 468
  246 469 470 471
  247 472 473 474
  248 475 476
  249 477 478
  250 479 480 481
  251 482 421
  252 483 484
  253 485
  254 486 260
  255 487 488
  256 489 490 491 284
  257 492 493
  258 494 495
  259 496 97
  260 497 218
  261 498 499 500 462
  262 501 502 503
  263 504 505
  264 506 507 508 199
  265 509 510 511
  266 512
  267 513 514 515 50
  268 516 517
  269 518 4
  270 519 520 521
  271 522 523 241
  272 524 525 421 666 675
  273 526 527
  274 528 529 530 716
  275 531 532 182 548
  276 533 534 535
  277 536 537
  278 538
  279 539
  280 540
  281 541 542 543
  282 544 545 546 318
  283 547 548
  284 549 550 551 277
  285 552
  286 553
  287 554 555 556 175
  288 557 558 559
  289 560 561
  290 562
  291 563 564
  292 565 566 567
  293 568 569
  294 570 571 708
  295 572
  296 573
  297 574 575 576
  298 577 578 579
  299 580 581
  300 582 583 584 216
  301 585 586 587
  302 588 589
  303 590 591 592
  304 593
  305 594 2
  306 595 596 597 540
  307 598
  308 599 600 601
  309 602 603 604 320
  310 605 606 607 318
  311 608 609
  312 610 611 496 232
  313 612 613
  314 614 615 616
  315 617 618
  316 619 467
  317 620
  318 621 622 363
  319 623 624 807
  320 625
  321 626 627 681
  322 628 629
  323 630 631 632
  324 633
  325 634
  326 635 636
  327 637
  328 638 639
  329 640
  330 641 642 332
  331 643 172
  332 644 645
  333 646 647
  334 648
  335 649 721
  336 650 651 652
  337 653 654 655 60
  338 656 657 284
  339 658 659
  340 660 661 951 419
  341 662 663 664
  342 665 666 667
  343 668 469
  344 669 29
  345 670
  346 671
  347 672
  348 673
  349 674 675
  350 676 677 678
  351 679
  352 680
  353 681 682 683
  354 684 685
  355 686 365
  356 687 688
  357 689 690
  358 691
  359 692 208
  360 693 694 695 125 832
  361 696
  362 697 698 835
  363 699 700 265
  364 701 417
  365 702
  366 703
  367 704 705
  368 706
  369 707
  370 708
  371 709 710
  372 711 609 548
  373 712
  374 713 714 715
  375 716 717 125
  376 718 719
  377 720 721
  378 722 723 724
  379 725
  380 726 727
  381 728 729 730
  382 731 732 733
  383 734 735 736 868
  384 737 738 739 101
  385 740 741 742
  386 743 744 745 255
  387 746
  388 747 748 749 82
  389 750
  390 751 752 753
  391 754 260
  392 755 756 757 210
  393 758 759 163
  394 760 761 972
  395 762 763 764
  396 765 766 767 174 697
  397 768 769 770 772
  398 771 772 773
  399 774 775
  400 776 777 72
  401 778 779 780 365
  402 781
  403 782 783
  404 784 785 786 619
  405 787 788 648
  406 789 790 791
  407 792 426
  408 793 794
  409 795 496
  410 796
  411 797 798 799 414
  412 800 801 802 17
  413 803 804 805 932
  414 806 807 330
  415 808 809
  416 810 811 812
  417 813
  418 814
  419 815
  420 816 454
  421 817 818
  422 819
  423 820 821 822
  424 823 824
  425 825 826 827
  426 828 829
  427 830 831
  428 832 833 834
  429 835 691
  430 836 478
  431 837 838 241
  432 839
  433 840
  434 841 842 843 681
  435 844 845 846
  436 847
  437 848 849
  438 850 851
  439 852
  440 853 854 855 659
  441 856 857 858
  442 859 860 861
  443 862
  444 863 864 865
  445 866 867
  446 868 869
  447 870 871
  448 872
  449 873
  450 874
  451 875 876
  452 877 878 115
  453 879 24
  454 880 881 882 39
  455 883 609
  456 884 885
  457 886 887 342
  458 888 889 890 219 138
  459 891 892 893
  460 894
  461 895
  462 896 897 50
  463 898 911 877
  464 899 900 175
  465 901 902 903
  466 904 905
  467 906 907
  468 908
  469 909 910 911
  470 912
  471 913 914 915
  472 916
  473 917 918 919
  474 920 921 922
  475 923 680
  476 924 925
  477 926 927 928
  478 929 930 931
  479 932 933 858
  480 934
  481 935 936 937
  482 938 939
  483 940
  484 941 942
  485 943 944
  486 945 946
  487 947 948 421 389
  488 949 950 457
  489 951 952 953 658
  490 954 955
  491 956
  492 957 958
  493 959 960 961
  494 962 963 964 439
  495 965 966 967
  496 968 969 970 567
  497 971 972 957
  498 973 969 654
  499 974 975
  500 976 982 27
  501 977 764
  502 978
  503 979
  504 980 981 982
  505 983 984 512
  506 985 797
TIME_AVAIL_SECTION
  1 1
  2 1
  3 1
  4 1
  5 1
  6 1
  7 1
  8 1
  9 1
  10 1
  11 1
  12 1
  13 1
  14 1
  15 1
  16 1
  17 1
  18 1
  19 1
  20 1
  21 1
  22 1
  23 1
  24 1
  25 1
  26 1
  27 1
  28 1
  29 1
  30 1
  31 1
  32 1
  33 1
  34 1
  35 1
  36 1
  37 1
  38 1
  39 1
  40 1
  41 1
  42 1
  43 1
  44 1
  45 1
  46 1
  47 1
  48 1
  49 1
  50 1
  51 1
  52 1
  53 1
  54 1
  55 1
  56 1
  57 1
  58 1
  59 1
  60 1
  61 1
  62 1
  63 1
  64 1
  65 1
  66 1
  67 1
  68 1
  69 1
  70 1
  71 1
  72 1
  73 1
  74 1
  75 1
  76 1
  77 1
  78 1
  79 1
  80 1
  81 1
  82 1
  83 1
  84 1
  85 1
  86 1
  87 1
  88 1
  89 1
  90 1
  91 1
  92 1
  93 1
  94 1
  95 1
  96 1
  97 1
  98 1
  99 1
  100 1
  101 1
  102 1
  103 1
  104 1
  105 1
  106 1
  107 1
  108 1
  109 1
  110 1
  111 1
  112 1
  113 1
  114 1
  115 1
  116 1
  117 1
  118 1
  119 1
  120 1
  121 1
  122 1
  123 1
  124 1
  125 1
  126 1
  127 1
  128 1
  129 1
  130 1
  131 1
  132 1
  133 1
  134 1
  135 1
  136 1
  137 1
  138 1
  139 1
  140 1
  141 1
  142 1
  143 1
  144 1
  145 1
  146 1
  147 1
  148 1
  149 1
  150 1
  151 1
  152 1
  153 1
  154 1
  155 1
  156 1
  157 1
  158 1
  159 1
  160 1
  161 1
  162 1
  163 1
  164 1
  165 1
  166 1
  167 1
  168 1
  169 1
  170 1
  171 1
  172 1
  173 1
  174 1
  175 1
  176 1
  177 1
  178 1
  179 1
  180 1
  181 1
  182 1
  183 1
  184 1
  185 1
  186 1
  187 1
  188 1
  189 1
  190 1
  191 1
  192 1
  193 1
  194 1
  195 1
  196 1
  197 1
  198 1
  199 1
  200 1
  201 1
  202 1
  203 1
  204 1
  205 1
  206 1
  207 1
  208 1
  209 1
  210 1
  211 1
  212 1
  213 1
  214 1
  215 1
  216 1
  217 1
  218 1
  219 1
  220 1
  221 1
  222 1
  223 1
  224 1
  225 1
  226 1
  227 1
  228 1
  229 1
  230 1
  231 1
  232 1
  233 1
  234 1
  235 1
  236 1
  237 1
  238 1
  239 1
  240 1
  241 1
  242 1
  243 1
  244 1
  245 1
  246 1
  247 1
  248 1
  249 1
  250 1
  251 1
  252 1
  253 1
  254 1
  255 1
  256 1
  257 1
  258 1
  259 1
  260 1
  261 1
  262 1
  263 1
  264 1
  265 1
  266 1
  267 1
  268 1
  269 1
  270 1
  271 1
  272 1
  273 1
  274 1
  275 1
  276 1
  277 1
  278 1
  279 1
  280 1
  281 1
  282 1
  283 1
  284 1
  285 1
  286 1
  287 1
  288 1
  289 1
  290 1
  291 1
  292 1
  293 1
  294 1
  295 1
  296 1
  297 1
  298 1
  299 1
  300 1
  301 1
  302 1
  303 1
  304 1
  305 1
  306 1
  307 1
  308 1
  309 1
  310 1
  311 1
  312 1
  313 1
  314 1
  315 1
  316 1
  317 1
  318 1
  319 1
  320 1
  321 1
  322 1
  323 1
  324 1
  325 1
  326 1
  327 1
  328 1
  329 1
  330 1
  331 1
  332 1
  333 1
  334 1
  335 1
  336 1
  337 1
  338 1
  339 1
  340 1
  341 1
  342 1
  343 1
  344 1
  345 1
  346 1
  347 1
  348 1
  349 1
  350 1
  351 1
  352 1
  353 1
  354 1
  355 1
  356 1
  357 1
  358 1
  359 1
  360 1
  361 1
  362 1
  363 1
  364 1
  365 1
  366 1
  367 1
  368 1
  369 1
  370 1
  371 1
  372 1
  373 1
  374 1
  375 1
  376 1
  377 1
  378 1
  379 1
  380 1
  381 1
  382 1
  383 1
  384 1
  385 1
  386 1
  387 1
  388 1
  389 1
  390 1
  391 1
  392 1
  393 1
  394 1
  395 1
  396 1
  397 1
  398 1
  399 1
  400 1
  401 1
  402 1
  403 1
  404 1
  405 1
  406 1
  407 1
  408 1
  409 1
  410 1
  411 1
  412 1
  413 1
  414 1
  415 1
  416 1
  417 1
  418 1
  419 1
  420 1
  421 1
  422 1
  423 1
  424 1
  425 1
  426 1
  427 1
  428 1
  429 1
  430 1
  431 1
  432 1
  433 1
  434 1
  435 1
  436 1
  437 1
  438 1
  439 1
  440 1
  441 1
  442 1
  443 1
  444 1
  445 1
  446 1
  447 1
  448 1
  449 1
  450 1
  451 1
  452 1
  453 1
  454 1
  455 1
  456 1
  457 1
  458 1
  459 1
  460 1
  461 1
  462 1
  463 1
  464 1
  465 1
  466 1
  467 1
  468 1
  469 1
  470 1
  471 1
  472 1
  473 1
  474 1
  475 1
  476 1
  477 1
  478 1
  479 1
  480 1
  481 1
  482 1
  483 1
  484 1
  485 1
  486 1
  487 1
  488 1
  489 1
  490 1
  491 1
  492 1
  493 1
  494 1
  495 1
  496 1
  497 1
  498 1
  499 1
  500 1
  501 1
  502 1
  503 1
  504 1
  505 1
  506 1
EOF
