VRPTEST 1.0
COMMENT: descr: Modified tsplib for the OBP
COMMENT: Best known objective: 4334.379
COMMENT: Computational time (s): 588.9192969999999
NAME: c748_2c5f
NUM_CAPACITIES: 1
NUM_VISITS: 748
NUM_VEHICLES: 17
CAPACITIES: 25
DATA_SECTION
DEPOTS
  0
  1
VISIT_LOCATION_SECTION
  2 1811
  3 1718
  4 1458
  5 711
  6 1991
  7 1457
  8 1893
  9 6
  10 957
  11 1939
  12 1250
  13 950
  14 74
  15 629
  16 25
  17 1121
  18 353
  19 1276
  20 18
  21 879
  22 302
  23 1896
  24 375
  25 1308
  26 1636
  27 197
  28 1871
  29 612
  30 1278
  31 693
  32 419
  33 731
  34 1946
  35 2052
  36 1387
  37 175
  38 762
  39 116
  40 1772
  41 1351
  42 569
  43 930
  44 1005
  45 448
  46 254
  47 1821
  48 296
  49 871
  50 1558
  51 1709
  52 1472
  53 1011
  54 1116
  55 1592
  56 1465
  57 2046
  58 1886
  59 1996
  60 1311
  61 387
  62 1698
  63 19
  64 314
  65 70
  66 1312
  67 202
  68 750
  69 2064
  70 1189
  71 576
  72 1769
  73 2045
  74 1471
  75 307
  76 1703
  77 632
  78 1549
  79 1398
  80 477
  81 101
  82 994
  83 1622
  84 1552
  85 2136
  86 988
  87 1759
  88 1792
  89 1913
  90 791
  91 1241
  92 1067
  93 1975
  94 2103
  95 1166
  96 1925
  97 143
  98 1977
  99 2028
  100 1154
  101 1596
  102 928
  103 1078
  104 1261
  105 130
  106 1177
  107 488
  108 1045
  109 151
  110 1367
  111 1521
  112 346
  113 381
  114 2161
  115 1713
  116 224
  117 195
  118 1728
  119 1016
  120 1557
  121 620
  122 1207
  123 485
  124 1607
  125 1053
  126 2125
  127 2024
  128 1651
  129 676
  130 1160
  131 1071
  132 2134
  133 1785
  134 553
  135 345
  136 734
  137 520
  138 240
  139 895
  140 1799
  141 886
  142 24
  143 949
  144 374
  145 1926
  146 1362
  147 379
  148 1629
  149 1823
  150 1673
  151 1676
  152 1453
  153 659
  154 1708
  155 880
  156 756
  157 65
  158 89
  159 1625
  160 1671
  161 31
  162 857
  163 149
  164 447
  165 1740
  166 1798
  167 828
  168 1546
  169 1320
  170 1178
  171 652
  172 522
  173 1534
  174 192
  175 270
  176 638
  177 2018
  178 1473
  179 1901
  180 1960
  181 870
  182 710
  183 1275
  184 907
  185 1282
  186 1994
  187 1209
  188 1052
  189 2016
  190 1334
  191 86
  192 1244
  193 675
  194 882
  195 1300
  196 1604
  197 1301
  198 441
  199 1595
  200 847
  201 2113
  202 1150
  203 1033
  204 257
  205 1280
  206 161
  207 160
  208 1322
  209 2102
  210 1734
  211 69
  212 1361
  213 269
  214 577
  215 1368
  216 1428
  217 469
  218 1260
  219 1841
  220 823
  221 733
  222 1041
  223 1577
  224 404
  225 73
  226 2141
  227 1372
  228 1721
  229 1127
  230 198
  231 1704
  232 1131
  233 323
  234 2060
  235 1172
  236 406
  237 1441
  238 1163
  239 1914
  240 812
  241 1938
  242 148
  243 1055
  244 565
  245 1218
  246 1494
  247 1669
  248 49
  249 1012
  250 1779
  251 904
  252 1237
  253 1357
  254 122
  255 2071
  256 1082
  257 1088
  258 432
  259 263
  260 1316
  261 940
  262 692
  263 21
  264 1923
  265 134
  266 277
  267 1618
  268 1097
  269 51
  270 90
  271 2163
  272 523
  273 230
  274 39
  275 2117
  276 829
  277 2050
  278 932
  279 1524
  280 1602
  281 1390
  282 63
  283 960
  284 128
  285 476
  286 1835
  287 44
  288 1848
  289 1326
  290 1223
  291 2054
  292 304
  293 602
  294 1147
  295 1285
  296 106
  297 1556
  298 371
  299 1143
  300 474
  301 544
  302 1661
  303 1532
  304 877
  305 997
  306 805
  307 642
  308 1122
  309 7
  310 351
  311 634
  312 10
  313 2075
  314 1786
  315 947
  316 1393
  317 1498
  318 1865
  319 1220
  320 890
  321 1864
  322 1411
  323 309
  324 344
  325 2096
  326 1541
  327 1119
  328 33
  329 946
  330 1504
  331 838
  332 1248
  333 2149
  334 1981
  335 1680
  336 215
  337 20
  338 1038
  339 414
  340 1295
  341 1333
  342 2041
  343 1742
  344 1330
  345 218
  346 223
  347 98
  348 1751
  349 1096
  350 807
  351 1778
  352 1176
  353 1087
  354 52
  355 863
  356 859
  357 867
  358 288
  359 1683
  360 605
  361 1980
  362 588
  363 1111
  364 405
  365 1746
  366 891
  367 242
  368 1134
  369 909
  370 1400
  371 630
  372 613
  373 228
  374 2085
  375 1158
  376 2017
  377 937
  378 1953
  379 1328
  380 1783
  381 881
  382 2049
  383 11
  384 1136
  385 776
  386 1545
  387 396
  388 517
  389 71
  390 1003
  391 743
  392 502
  393 662
  394 1921
  395 1048
  396 1094
  397 1175
  398 1286
  399 858
  400 755
  401 3
  402 1932
  403 1296
  404 287
  405 435
  406 1612
  407 1064
  408 952
  409 1341
  410 977
  411 294
  412 1933
  413 1140
  414 1402
  415 1413
  416 1927
  417 1992
  418 1255
  419 460
  420 513
  421 365
  422 373
  423 1371
  424 1431
  425 397
  426 1741
  427 685
  428 2164
  429 1501
  430 869
  431 1187
  432 1093
  433 818
  434 541
  435 1528
  436 1565
  437 2039
  438 227
  439 583
  440 1807
  441 313
  442 759
  443 938
  444 1481
  445 954
  446 658
  447 738
  448 23
  449 1983
  450 342
  451 1947
  452 1571
  453 1247
  454 1965
  455 1627
  456 1336
  457 1070
  458 831
  459 1905
  460 1674
  461 1008
  462 1883
  463 411
  464 999
  465 1725
  466 1406
  467 921
  468 498
  469 2132
  470 2006
  471 1335
  472 1861
  473 1961
  474 1570
  475 465
  476 1474
  477 340
  478 369
  479 1370
  480 529
  481 948
  482 1274
  483 1582
  484 2115
  485 923
  486 633
  487 334
  488 1482
  489 1649
  490 499
  491 184
  492 1015
  493 552
  494 1373
  495 395
  496 210
  497 1834
  498 229
  499 420
  500 1297
  501 1531
  502 2120
  503 2025
  504 285
  505 138
  506 1695
  507 356
  508 645
  509 67
  510 2001
  511 661
  512 237
  513 315
  514 1915
  515 1999
  516 1302
  517 1601
  518 1259
  519 1196
  520 1466
  521 579
  522 725
  523 1862
  524 500
  525 1847
  526 1840
  527 96
  528 956
  529 1454
  530 1726
  531 1619
  532 521
  533 306
  534 1495
  535 1169
  536 622
  537 959
  538 735
  539 697
  540 745
  541 1635
  542 2079
  543 36
  544 1436
  545 1439
  546 1112
  547 181
  548 1443
  549 1037
  550 1658
  551 1885
  552 607
  553 1650
  554 1797
  555 1305
  556 1358
  557 2159
  558 581
  559 554
  560 83
  561 595
  562 1539
  563 616
  564 1343
  565 446
  566 1089
  567 1060
  568 1699
  569 790
  570 2156
  571 478
  572 538
  573 489
  574 1211
  575 331
  576 459
  577 1903
  578 1318
  579 117
  580 1910
  581 2002
  582 1217
  583 1072
  584 303
  585 1538
  586 1063
  587 1228
  588 590
  589 350
  590 2147
  591 519
  592 1585
  593 1682
  594 329
  595 176
  596 440
  597 1447
  598 1931
  599 1615
  600 125
  601 1484
  602 150
  603 1412
  604 1662
  605 1004
  606 1656
  607 527
  608 2154
  609 1190
  610 1897
  611 827
  612 171
  613 2073
  614 1771
  615 328
  616 598
  617 1219
  618 1844
  619 635
  620 1307
  621 1733
  622 1381
  623 298
  624 1405
  625 2146
  626 252
  627 1042
  628 1344
  629 1410
COMMENT: TIMESTEP: 1
ORDERS_SECTION
  1 2 3 389
  2 4
  3 5 127
  4 6 7 621
  5 8 32 433
  6 9
  7 10
  8 11
  9 12
  10 13 263
  11 14
  12 15
  13 16 17
  14 18
  15 19 626
  16 20 21
  17 22
  18 23
  19 24 25
  20 26
  21 27 28
  22 29 457 535
  23 30 31
  24 32 33
  25 34 35
  26 36 37
  27 38 39 178
  28 40
  29 41
  30 42
  31 43 44
  32 45
  33 46
  34 47 48 82
  35 49 50 179
  36 51 52 147
  37 53 54
  38 55 56
  39 57
  40 58
  41 59 10
  42 60
  43 61 64
  44 62
  45 63
  46 64 65
  47 66
  48 67
  49 68 69 183
  50 70
  51 71
  52 72 73
  53 74 75 400 408
  54 76
  55 77
  56 78
  57 79 46 549
  58 80 81
  59 82 83 113 267
  60 84
  61 85 86
  62 87 88
  63 89 90
  64 91
  65 92 549 369
  66 93 94
  67 95 96 138
  68 97 98
  69 99 100
  70 101 102
  71 103
  72 104
  73 105
  74 106
  75 107
  76 108 109
  77 110
  78 111 112
  79 113
  80 114 115
  81 116 117
  82 118
  83 119 120 132
  84 121 122
  85 123
  86 124
  87 125 364
  88 126 599
  89 127 128
  90 129 130
  91 131 259
  92 132
  93 133 134
  94 135 136
  95 137 138
  96 139
  97 140 141 22 412
  98 142 143
  99 144 145
  100 146 147
  101 148
  102 149 150
  103 151 152 371
  104 153 154
  105 155 156
  106 157
  107 158 159
  108 160 161
  109 162
  110 163 164 243
  111 165 166 167
  112 167 168
  113 169 170
  114 171 172
  115 173 174
  116 175
  117 176
  118 177
  119 178
  120 179 180
  121 181 182 430
  122 183 184
  123 185 124
  124 186 187
  125 188 72 535
  126 189 190
  127 191 192
  128 193 194 198
  129 195 196
  130 197 608
  131 198 199 18
  132 200 201
  133 202
  134 203
  135 204 205
  136 206
  137 207 411
  138 208 209
  139 210 211
  140 212
  141 213 214 162
  142 215 44
  143 216
  144 217 218
  145 219 220
  146 221
  147 222 223
  148 224 225
  149 226 410 259
  150 227 228
  151 229
  152 230 104
  153 231 232 435
  154 233
  155 234 235
  156 236
  157 237 238
  158 239 240
  159 241 242 447
  160 243
  161 244 245
  162 246 227
  163 247 248 82
  164 249
  165 250 251
  166 252 253
  167 254
  168 255
  169 256 257
  170 258 608 551 577
  171 259
  172 260
  173 261 262 364
  174 263
  175 264 158
  176 265 266
  177 267 268
  178 269 270
  179 271 272
  180 273 274
  181 275
  182 276 277
  183 278 279 172 61
  184 280 281
  185 282
  186 283
  187 284 285
  188 286
  189 287
  190 288 289
  191 290 298
  192 291
  193 292
  194 293 294
  195 295 296
  196 297 298
  197 299 300
  198 301
  199 302 303
  200 304 305
  201 306 307
  202 308 309
  203 310
  204 311 312
  205 313 314 496
  206 315 316 10
  207 317 318
  208 319 320
  209 321 322
  210 323
  211 324 325
  212 326 18 433
  213 327 328 541 185
  214 329
  215 330 331
  216 332 162 250
  217 333 334 67
  218 335 336
  219 337 338 616
  220 339 340 448
  221 341
  222 342
  223 343 344 38
  224 345 346
  225 347
  226 348 349
  227 350 584
  228 351 352
  229 353 354
  230 355 356
  231 357 358
  232 359 360 368
  233 361 489
  234 362 208
  235 363 364
  236 365
  237 366 367 184
  238 368
  239 369
  240 370
  241 371 372
  242 373
  243 374 375 357
  244 376 377
  245 378 379
  246 380 381
  247 382 383
  248 384 441
  249 385
  250 386 387
  251 388 389 354
  252 390 391 564
  253 392 393
  254 394 395
  255 396 397
  256 398 399
  257 400
  258 401
  259 402 403 176
  260 404 405 261
  261 406 198
  262 407 408
  263 409 410
  264 411
  265 412 413
  266 414 415
  267 416 417
  268 418 419
  269 420
  270 421 621
  271 422 423
  272 424 425
  273 426
  274 427 428
  275 429
  276 430
  277 431
  278 432 162
  279 433
  280 434 435
  281 436 437
  282 438 439
  283 440
  284 441
  285 442
  286 443
  287 444 445
  288 446
  289 447 448
  290 449
  291 450 451
  292 452 453
  293 454
  294 455 456
  295 457 458 546
  296 459 460 6 41 132
  297 461 462
  298 463
  299 464
  300 465
  301 466 467
  302 468
  303 469 60 168
  304 470
  305 471 472 124
  306 473
  307 474
  308 475 116
  309 476
  310 477
  311 478 301
  312 479 480
  313 481 482
  314 483 484
  315 485
  316 486
  317 487 488
  318 489
  319 490
  320 491
  321 492 493 259
  322 494
  323 495
  324 496 153
  325 497 498
  326 499 500
  327 501 502 69 455
  328 503 504
  329 505
  330 506
  331 507
  332 508 509
  333 510 511
  334 512 513
  335 514 79
  336 515 516
  337 517 518 332
  338 519
  339 520 521
  340 522
  341 523 524
  342 525 526
  343 527 528 477
  344 529
  345 530 531 177
  346 532 533
  347 534 535 464
  348 536
  349 537 538
  350 539
  351 540
  352 541 542
  353 543 544
  354 545
  355 546 242
  356 547 548
  357 549
  358 550
  359 551 552 46
  360 553
  361 554 555
  362 556
  363 557 558
  364 559 560
  365 561
  366 562
  367 563
  368 564 175
  369 565 566
  370 567 568
  371 569
  372 570 571
  373 572 573 259
  374 574
  375 575
  376 576 577
  377 578 39
  378 579 113
  379 580 581
  380 582 583
  381 584
  382 585 586
  383 587 588
  384 589
  385 590 591 242
  386 592 593
  387 594
  388 595
  389 596
  390 597 598 494
  391 599
  392 600 601
  393 602 603
  394 604 364
  395 605 606
  396 607
  397 608 427
  398 609 311
  399 610
  400 611 612 141
  401 613 614
  402 615 616 130
  403 617
  404 618
  405 619
  406 620 621
  407 622 623
  408 624
  409 625 626 452 209
  410 627 225
  411 628
  412 629 495
TIME_AVAIL_SECTION
  1 1
  2 1
  3 1
  4 1
  5 1
  6 1
  7 1
  8 1
  9 1
  10 1
  11 1
  12 1
  13 1
  14 1
  15 1
  16 1
  17 1
  18 1
  19 1
  20 1
  21 1
  22 1
  23 1
  24 1
  25 1
  26 1
  27 1
  28 1
  29 1
  30 1
  31 1
  32 1
  33 1
  34 1
  35 1
  36 1
  37 1
  38 1
  39 1
  40 1
  41 1
  42 1
  43 1
  44 1
  45 1
  46 1
  47 1
  48 1
  49 1
  50 1
  51 1
  52 1
  53 1
  54 1
  55 1
  56 1
  57 1
  58 1
  59 1
  60 1
  61 1
  62 1
  63 1
  64 1
  65 1
  66 1
  67 1
  68 1
  69 1
  70 1
  71 1
  72 1
  73 1
  74 1
  75 1
  76 1
  77 1
  78 1
  79 1
  80 1
  81 1
  82 1
  83 1
  84 1
  85 1
  86 1
  87 1
  88 1
  89 1
  90 1
  91 1
  92 1
  93 1
  94 1
  95 1
  96 1
  97 1
  98 1
  99 1
  100 1
  101 1
  102 1
  103 1
  104 1
  105 1
  106 1
  107 1
  108 1
  109 1
  110 1
  111 1
  112 1
  113 1
  114 1
  115 1
  116 1
  117 1
  118 1
  119 1
  120 1
  121 1
  122 1
  123 1
  124 1
  125 1
  126 1
  127 1
  128 1
  129 1
  130 1
  131 1
  132 1
  133 1
  134 1
  135 1
  136 1
  137 1
  138 1
  139 1
  140 1
  141 1
  142 1
  143 1
  144 1
  145 1
  146 1
  147 1
  148 1
  149 1
  150 1
  151 1
  152 1
  153 1
  154 1
  155 1
  156 1
  157 1
  158 1
  159 1
  160 1
  161 1
  162 1
  163 1
  164 1
  165 1
  166 1
  167 1
  168 1
  169 1
  170 1
  171 1
  172 1
  173 1
  174 1
  175 1
  176 1
  177 1
  178 1
  179 1
  180 1
  181 1
  182 1
  183 1
  184 1
  185 1
  186 1
  187 1
  188 1
  189 1
  190 1
  191 1
  192 1
  193 1
  194 1
  195 1
  196 1
  197 1
  198 1
  199 1
  200 1
  201 1
  202 1
  203 1
  204 1
  205 1
  206 1
  207 1
  208 1
  209 1
  210 1
  211 1
  212 1
  213 1
  214 1
  215 1
  216 1
  217 1
  218 1
  219 1
  220 1
  221 1
  222 1
  223 1
  224 1
  225 1
  226 1
  227 1
  228 1
  229 1
  230 1
  231 1
  232 1
  233 1
  234 1
  235 1
  236 1
  237 1
  238 1
  239 1
  240 1
  241 1
  242 1
  243 1
  244 1
  245 1
  246 1
  247 1
  248 1
  249 1
  250 1
  251 1
  252 1
  253 1
  254 1
  255 1
  256 1
  257 1
  258 1
  259 1
  260 1
  261 1
  262 1
  263 1
  264 1
  265 1
  266 1
  267 1
  268 1
  269 1
  270 1
  271 1
  272 1
  273 1
  274 1
  275 1
  276 1
  277 1
  278 1
  279 1
  280 1
  281 1
  282 1
  283 1
  284 1
  285 1
  286 1
  287 1
  288 1
  289 1
  290 1
  291 1
  292 1
  293 1
  294 1
  295 1
  296 1
  297 1
  298 1
  299 1
  300 1
  301 1
  302 1
  303 1
  304 1
  305 1
  306 1
  307 1
  308 1
  309 1
  310 1
  311 1
  312 1
  313 1
  314 1
  315 1
  316 1
  317 1
  318 1
  319 1
  320 1
  321 1
  322 1
  323 1
  324 1
  325 1
  326 1
  327 1
  328 1
  329 1
  330 1
  331 1
  332 1
  333 1
  334 1
  335 1
  336 1
  337 1
  338 1
  339 1
  340 1
  341 1
  342 1
  343 1
  344 1
  345 1
  346 1
  347 1
  348 1
  349 1
  350 1
  351 1
  352 1
  353 1
  354 1
  355 1
  356 1
  357 1
  358 1
  359 1
  360 1
  361 1
  362 1
  363 1
  364 1
  365 1
  366 1
  367 1
  368 1
  369 1
  370 1
  371 1
  372 1
  373 1
  374 1
  375 1
  376 1
  377 1
  378 1
  379 1
  380 1
  381 1
  382 1
  383 1
  384 1
  385 1
  386 1
  387 1
  388 1
  389 1
  390 1
  391 1
  392 1
  393 1
  394 1
  395 1
  396 1
  397 1
  398 1
  399 1
  400 1
  401 1
  402 1
  403 1
  404 1
  405 1
  406 1
  407 1
  408 1
  409 1
  410 1
  411 1
  412 1
EOF
