VRPTEST 1.0
COMMENT: descr: Modified tsplib for the OBP
COMMENT: Best known objective: 2200.838
COMMENT: Computational time (s): 42.94061400000001
NAME: c233_aa48
NUM_CAPACITIES: 1
NUM_VISITS: 233
NUM_VEHICLES: 12
CAPACITIES: 11
DATA_SECTION
DEPOTS
  0
  1
VISIT_LOCATION_SECTION
  2 1137
  3 714
  4 748
  5 1289
  6 3
  7 634
  8 1341
  9 249
  10 1324
  11 1776
  12 1544
  13 929
  14 558
  15 644
  16 537
  17 1532
  18 1093
  19 1530
  20 1932
  21 548
  22 1891
  23 1152
  24 252
  25 1548
  26 700
  27 100
  28 1090
  29 584
  30 1434
  31 287
  32 881
  33 304
  34 2075
  35 1850
  36 1452
  37 967
  38 2060
  39 514
  40 1400
  41 2037
  42 1217
  43 762
  44 823
  45 843
  46 1617
  47 949
  48 79
  49 1576
  50 264
  51 1048
  52 2012
  53 2089
  54 1261
  55 1800
  56 1088
  57 1103
  58 153
  59 1539
  60 117
  61 83
  62 1241
  63 2000
  64 226
  65 1352
  66 588
  67 1669
  68 2020
  69 1680
  70 1583
  71 1287
  72 360
  73 1872
  74 573
  75 477
  76 354
  77 1618
  78 1119
  79 1978
  80 541
  81 1308
  82 2033
  83 1962
  84 1552
  85 983
  86 1328
  87 650
  88 126
  89 616
  90 1794
  91 509
  92 1370
  93 551
  94 234
  95 256
  96 328
  97 362
  98 298
  99 977
  100 569
  101 2001
  102 416
  103 1785
  104 174
  105 981
  106 1237
  107 2045
  108 1228
  109 1524
  110 245
  111 1471
  112 1425
  113 288
  114 1817
  115 820
  116 1846
  117 30
  118 561
  119 1336
  120 1325
  121 1832
  122 1629
  123 639
  124 340
  125 1621
  126 2115
  127 77
  128 1405
  129 1377
  130 619
  131 238
  132 406
  133 1046
  134 1768
  135 1067
  136 1004
  137 1779
  138 1741
  139 1388
  140 1318
  141 380
  142 1975
  143 1531
  144 1725
  145 1839
  146 224
  147 385
  148 344
  149 855
  150 1306
  151 401
  152 10
  153 510
  154 1364
  155 122
  156 437
  157 1154
  158 191
  159 1416
  160 800
  161 856
  162 975
  163 6
  164 1663
  165 778
  166 595
  167 331
  168 992
  169 364
  170 1760
  171 2109
  172 1851
  173 1630
  174 536
  175 1251
  176 678
  177 123
  178 243
  179 694
  180 828
  181 995
  182 1316
  183 1117
  184 1164
  185 1412
  186 730
  187 948
  188 1483
  189 1733
  190 1270
  191 792
  192 2036
  193 562
  194 1558
  195 1865
  196 646
COMMENT: TIMESTEP: 1
ORDERS_SECTION
  1 2 3
  2 4 5 74
  3 6
  4 7
  5 8
  6 9
  7 10 11
  8 12 13
  9 14 15
  10 16 17
  11 18
  12 19
  13 20 21
  14 22
  15 23 24 144
  16 25
  17 26 27 78
  18 28 29
  19 30
  20 31 102 171
  21 32
  22 33 34
  23 35
  24 36 163
  25 37
  26 38 39
  27 40
  28 41
  29 42
  30 43
  31 44 45
  32 46 47
  33 48 49
  34 50 134
  35 51 52
  36 53 54
  37 55 56
  38 57 58 92
  39 59 60
  40 61 62
  41 63 64
  42 65 66
  43 67 68
  44 69
  45 70
  46 71 72 117
  47 73
  48 74 77
  49 75 76 122 158
  50 77
  51 78 79
  52 80 81
  53 82
  54 83 84 46
  55 85 73
  56 86
  57 87
  58 88 89
  59 90 91
  60 92 93 82
  61 94
  62 95
  63 96 151
  64 97
  65 98 99
  66 100 101
  67 102 162
  68 103
  69 104 105
  70 106 107
  71 108
  72 109 95
  73 110 30 87
  74 111 112
  75 113 114 181
  76 115 116
  77 117
  78 118 119
  79 119 120
  80 121 122
  81 123
  82 124 125 131
  83 126 127
  84 128 129
  85 130
  86 131
  87 132 133 103
  88 134
  89 135 136 188
  90 137 138
  91 139 107 188
  92 140 141 127
  93 142 143
  94 144 110
  95 145
  96 146 130
  97 147 148 151
  98 149 150
  99 151 152
  100 153 154
  101 155
  102 156 157
  103 158
  104 159 160
  105 161 162
  106 163 164
  107 165 166
  108 167 168 7
  109 169 170
  110 171
  111 172 173 15
  112 174
  113 175 161
  114 176
  115 177 178 192
  116 179
  117 180
  118 181 182 116
  119 183 184
  120 185
  121 186 187
  122 188
  123 189 190
  124 191 192
  125 193 194 94
  126 195 196 77
TIME_AVAIL_SECTION
  1 1
  2 1
  3 1
  4 1
  5 1
  6 1
  7 1
  8 1
  9 1
  10 1
  11 1
  12 1
  13 1
  14 1
  15 1
  16 1
  17 1
  18 1
  19 1
  20 1
  21 1
  22 1
  23 1
  24 1
  25 1
  26 1
  27 1
  28 1
  29 1
  30 1
  31 1
  32 1
  33 1
  34 1
  35 1
  36 1
  37 1
  38 1
  39 1
  40 1
  41 1
  42 1
  43 1
  44 1
  45 1
  46 1
  47 1
  48 1
  49 1
  50 1
  51 1
  52 1
  53 1
  54 1
  55 1
  56 1
  57 1
  58 1
  59 1
  60 1
  61 1
  62 1
  63 1
  64 1
  65 1
  66 1
  67 1
  68 1
  69 1
  70 1
  71 1
  72 1
  73 1
  74 1
  75 1
  76 1
  77 1
  78 1
  79 1
  80 1
  81 1
  82 1
  83 1
  84 1
  85 1
  86 1
  87 1
  88 1
  89 1
  90 1
  91 1
  92 1
  93 1
  94 1
  95 1
  96 1
  97 1
  98 1
  99 1
  100 1
  101 1
  102 1
  103 1
  104 1
  105 1
  106 1
  107 1
  108 1
  109 1
  110 1
  111 1
  112 1
  113 1
  114 1
  115 1
  116 1
  117 1
  118 1
  119 1
  120 1
  121 1
  122 1
  123 1
  124 1
  125 1
  126 1
EOF
