VRPTEST 1.0
COMMENT: descr: Modified tsplib for the OBP
COMMENT: Best known objective: 6435.477
COMMENT: Computational time (s): 5786.129368999999
NAME: c1142_f0de
NUM_CAPACITIES: 1
NUM_VISITS: 1142
NUM_VEHICLES: 31
CAPACITIES: 18
DATA_SECTION
DEPOTS
  0
  1
VISIT_LOCATION_SECTION
  2 1219
  3 1663
  4 853
  5 363
  6 143
  7 1944
  8 2016
  9 519
  10 568
  11 2143
  12 349
  13 932
  14 2018
  15 49
  16 1636
  17 496
  18 824
  19 578
  20 1438
  21 690
  22 813
  23 607
  24 2039
  25 998
  26 245
  27 507
  28 124
  29 1656
  30 20
  31 1141
  32 62
  33 822
  34 30
  35 71
  36 1753
  37 1635
  38 776
  39 2052
  40 1684
  41 2082
  42 991
  43 573
  44 1160
  45 2142
  46 662
  47 1955
  48 1821
  49 1124
  50 1877
  51 1145
  52 1612
  53 303
  54 1079
  55 844
  56 1815
  57 1359
  58 2170
  59 57
  60 868
  61 975
  62 1884
  63 512
  64 660
  65 1318
  66 817
  67 781
  68 381
  69 630
  70 921
  71 1989
  72 532
  73 1456
  74 282
  75 39
  76 204
  77 1136
  78 1891
  79 1386
  80 1441
  81 69
  82 1816
  83 464
  84 226
  85 113
  86 1602
  87 23
  88 1639
  89 599
  90 1504
  91 689
  92 1748
  93 1376
  94 1095
  95 909
  96 606
  97 1033
  98 463
  99 1238
  100 470
  101 585
  102 756
  103 1332
  104 136
  105 2161
  106 2008
  107 342
  108 1630
  109 41
  110 1025
  111 734
  112 1380
  113 1180
  114 1801
  115 351
  116 904
  117 1274
  118 2045
  119 1265
  120 1149
  121 1413
  122 1778
  123 1370
  124 1384
  125 1728
  126 1146
  127 403
  128 1896
  129 1165
  130 981
  131 444
  132 837
  133 1168
  134 1822
  135 230
  136 2066
  137 664
  138 51
  139 913
  140 429
  141 2011
  142 749
  143 1688
  144 916
  145 1163
  146 1261
  147 2078
  148 1798
  149 941
  150 36
  151 1549
  152 473
  153 1448
  154 887
  155 1099
  156 1234
  157 1259
  158 1216
  159 940
  160 405
  161 818
  162 401
  163 1035
  164 1220
  165 739
  166 2061
  167 2073
  168 1260
  169 827
  170 1426
  171 2123
  172 290
  173 1861
  174 1830
  175 895
  176 2071
  177 2021
  178 993
  179 2092
  180 1660
  181 29
  182 1122
  183 1062
  184 1911
  185 1977
  186 1329
  187 103
  188 802
  189 950
  190 2149
  191 52
  192 1471
  193 783
  194 1373
  195 1870
  196 314
  197 281
  198 778
  199 752
  200 560
  201 31
  202 629
  203 970
  204 15
  205 1698
  206 1843
  207 1960
  208 327
  209 344
  210 2098
  211 2075
  212 228
  213 298
  214 876
  215 58
  216 1486
  217 1548
  218 1930
  219 1361
  220 2154
  221 441
  222 1512
  223 832
  224 537
  225 2097
  226 236
  227 231
  228 2069
  229 635
  230 920
  231 666
  232 656
  233 812
  234 869
  235 203
  236 709
  237 2017
  238 1939
  239 1072
  240 1784
  241 1462
  242 1439
  243 1813
  244 1087
  245 1810
  246 63
  247 420
  248 1214
  249 1331
  250 294
  251 713
  252 1009
  253 218
  254 2004
  255 27
  256 791
  257 865
  258 1819
  259 223
  260 1498
  261 1030
  262 2072
  263 1100
  264 789
  265 2001
  266 135
  267 944
  268 773
  269 1969
  270 1050
  271 1295
  272 169
  273 1103
  274 224
  275 1176
  276 142
  277 736
  278 1254
  279 1313
  280 134
  281 183
  282 414
  283 457
  284 138
  285 2111
  286 1297
  287 1560
  288 806
  289 1407
  290 999
  291 1492
  292 1435
  293 375
  294 1325
  295 2055
  296 1351
  297 572
  298 293
  299 1734
  300 1362
  301 145
  302 692
  303 1508
  304 1344
  305 1241
  306 1929
  307 1928
  308 77
  309 1422
  310 1298
  311 737
  312 971
  313 96
  314 1083
  315 495
  316 2164
  317 917
  318 129
  319 2030
  320 729
  321 2162
  322 663
  323 4
  324 426
  325 634
  326 1064
  327 2163
  328 1127
  329 1230
  330 1533
  331 1986
  332 1272
  333 1539
  334 399
  335 1710
  336 47
  337 1962
  338 1094
  339 263
  340 2037
  341 1772
  342 1558
  343 1893
  344 1629
  345 992
  346 1640
  347 1577
  348 1616
  349 1941
  350 834
  351 590
  352 402
  353 341
  354 285
  355 1910
  356 1949
  357 1339
  358 726
  359 2058
  360 1976
  361 1580
  362 1324
  363 2146
  364 1579
  365 1872
  366 1499
  367 326
  368 782
  369 2087
  370 445
  371 292
  372 1974
  373 19
  374 745
  375 1700
  376 1429
  377 1702
  378 1004
  379 867
  380 1765
  381 1937
  382 1346
  383 1085
  384 1835
  385 2086
  386 891
  387 205
  388 1683
  389 2157
  390 2015
  391 1530
  392 830
  393 1299
  394 1978
  395 911
  396 1203
  397 1212
  398 1673
  399 847
  400 489
  401 1197
  402 871
  403 435
  404 338
  405 1528
  406 1270
  407 13
  408 185
  409 1854
  410 1711
  411 1585
  412 1104
  413 968
  414 1637
  415 219
  416 379
  417 1746
  418 1983
  419 1008
  420 515
  421 1783
  422 1086
  423 2081
  424 434
  425 240
  426 1917
  427 279
  428 1655
  429 2132
  430 34
  431 1676
  432 1288
  433 440
  434 1179
  435 797
  436 1412
  437 1547
  438 946
  439 954
  440 277
  441 1839
  442 79
  443 1982
  444 1780
  445 119
  446 191
  447 24
  448 213
  449 721
  450 1227
  451 1804
  452 59
  453 570
  454 1668
  455 1627
  456 1071
  457 1275
  458 949
  459 1823
  460 269
  461 2102
  462 1316
  463 967
  464 257
  465 211
  466 2053
  467 977
  468 1764
  469 1383
  470 923
  471 1185
  472 1057
  473 501
  474 153
  475 1466
  476 256
  477 1150
  478 1369
  479 2040
  480 1747
  481 121
  482 492
  483 187
  484 25
  485 1985
  486 873
  487 1133
  488 770
  489 790
  490 1374
  491 655
  492 1690
  493 720
  494 1768
  495 744
  496 265
  497 1792
  498 943
  499 1786
  500 459
  501 1042
  502 2090
  503 159
  504 2119
  505 491
  506 2048
  507 1510
  508 1489
  509 1633
  510 1186
  511 1121
  512 541
  513 1231
  514 708
  515 924
  516 1210
  517 1675
  518 1405
  519 328
  520 251
  521 1963
  522 724
  523 1705
  524 683
  525 1543
  526 43
  527 1248
  528 1279
  529 171
  530 820
  531 674
  532 929
  533 1013
  534 1434
  535 1337
  536 701
  537 1155
  538 1991
  539 1207
  540 577
  541 1364
  542 1826
  543 1039
  544 165
  545 1320
  546 1970
  547 1588
  548 652
  549 1626
  550 536
  551 930
  552 1032
  553 733
  554 2050
  555 2089
  556 1732
  557 1000
  558 1156
  559 1319
  560 380
  561 1924
  562 106
  563 1749
  564 959
  565 979
  566 207
  567 1276
  568 280
  569 699
  570 1484
  571 1229
  572 2125
  573 278
  574 120
  575 2150
  576 2158
  577 1247
  578 1450
  579 356
  580 181
  581 88
  582 275
  583 1020
  584 751
  585 1307
  586 919
  587 255
  588 654
  589 1858
  590 1082
  591 731
  592 2028
  593 793
  594 948
  595 1208
  596 1497
  597 805
  598 678
  599 1851
  600 161
  601 1800
  602 238
  603 1055
  604 8
  605 1368
  606 2084
  607 1894
  608 2060
  609 1355
  610 1712
  611 642
  612 2108
  613 1167
  614 1222
  615 92
  616 1965
  617 1883
  618 1664
  619 550
  620 221
  621 1849
  622 945
  623 1399
  624 1472
  625 1809
  626 1611
  627 1760
  628 253
  629 1903
  630 1795
  631 1233
  632 1644
  633 888
  634 382
  635 691
  636 250
  637 857
  638 657
  639 994
  640 1582
  641 393
  642 227
  643 1659
  644 587
  645 270
  646 1190
  647 523
  648 841
  649 544
  650 792
  651 542
  652 160
  653 1268
  654 186
  655 1202
  656 843
  657 1393
  658 448
  659 645
  660 1059
  661 1774
  662 1992
  663 1752
  664 2096
  665 1323
  666 1174
  667 952
  668 1460
  669 1596
  670 548
  671 1899
  672 1048
  673 1647
  674 199
  675 831
  676 1946
  677 531
  678 311
  679 1818
  680 800
  681 1996
  682 1285
  683 1046
  684 1467
  685 212
  686 122
  687 336
  688 3
  689 1901
  690 1371
  691 2138
  692 1603
  693 10
  694 6
  695 559
  696 395
  697 184
  698 2127
  699 759
  700 1457
  701 1166
  702 1209
  703 1885
  704 859
  705 838
  706 1671
  707 1327
  708 1718
  709 521
  710 1791
  711 2141
  712 1569
  713 1590
  714 127
  715 149
  716 371
  717 347
  718 1524
  719 87
  720 196
  721 483
  722 299
  723 760
  724 2047
  725 1041
  726 1101
  727 1742
  728 1049
  729 2116
  730 598
  731 1754
  732 1514
  733 1266
  734 1525
  735 1840
  736 456
  737 601
  738 1482
  739 2085
  740 462
  741 714
  742 1601
  743 1390
  744 693
  745 1328
  746 416
  747 619
  748 1135
  749 988
  750 1007
  751 198
  752 1169
  753 1198
  754 1725
  755 1990
  756 1420
  757 1820
  758 898
  759 1897
  760 1474
  761 1187
  762 372
  763 863
  764 2041
  765 861
  766 850
  767 1727
  768 2013
  769 353
  770 1975
  771 419
  772 1672
  773 86
  774 1044
  775 2094
  776 595
  777 1687
  778 1942
  779 809
  780 1343
  781 1267
  782 1034
  783 899
  784 1657
  785 665
  786 1685
  787 918
  788 1258
  789 1954
  790 2025
  791 1245
  792 67
  793 1278
  794 1609
  795 1038
  796 796
  797 1075
  798 1335
  799 670
  800 1561
  801 2033
  802 522
  803 1860
  804 826
  805 700
  806 33
  807 1736
  808 1424
  809 477
  810 511
  811 2083
  812 2
  813 2000
  814 881
  815 638
  816 454
  817 56
  818 564
  819 93
  820 551
  821 1615
  822 649
  823 2080
  824 400
  825 1521
  826 2117
  827 449
  828 596
  829 997
  830 1118
  831 1242
  832 965
  833 1943
  834 581
  835 1040
  836 1107
  837 1106
  838 479
  839 1739
  840 320
  841 1808
  842 2023
  843 647
  844 1001
  845 807
  846 540
  847 574
  848 1926
  849 1679
  850 1993
  851 1925
  852 1402
  853 875
  854 766
  855 1425
  856 468
  857 307
  858 646
  859 1280
  860 146
  861 1689
  862 1674
  863 2110
  864 556
  865 157
  866 644
  867 229
  868 697
  869 603
  870 1257
  871 681
  872 266
  873 811
  874 538
  875 1301
  876 705
  877 313
  878 1091
  879 1452
  880 1767
  881 2136
  882 1614
  883 1961
  884 404
  885 1495
  886 2134
  887 1302
  888 197
  889 1345
  890 1023
  891 1047
  892 1994
  893 2105
  894 1473
  895 906
  896 1487
  897 798
  898 1415
  899 1294
  900 1531
  901 2135
  902 2035
  903 2160
  904 1005
  905 74
  906 1152
  907 510
  908 176
  909 1357
  910 1139
  911 1228
  912 880
  913 1353
  914 357
  915 2091
  916 1184
  917 804
  918 576
  919 524
  920 425
  921 1651
  922 947
  923 588
  924 1661
  925 1737
  926 1488
  927 1494
  928 1726
  929 1576
  930 296
  931 1112
  932 368
  933 148
  934 335
  935 639
  936 858
  937 2145
  938 829
  939 1446
  940 202
  941 472
  942 1650
  943 767
  944 378
  945 1423
  946 1632
  947 2109
  948 1143
  949 1053
  950 2027
  951 1507
  952 957
  953 1454
  954 1595
  955 1010
  956 1890
  957 487
  958 1908
  959 1844
  960 680
  961 964
  962 2133
  963 594
  964 18
  965 73
  966 1251
  967 1381
  968 478
  969 1490
  970 1932
  971 297
  972 373
  973 1915
  974 995
  975 883
  976 1129
  977 232
  978 688
  979 2007
  980 2038
  981 493
  982 640
  983 110
  984 306
  985 735
  986 417
  987 498
  988 2131
  989 960
  990 553
  991 443
  992 1341
  993 1817
  994 1546
  995 1733
  996 1505
  997 1570
  998 132
  999 1218
  1000 513
  1001 1183
  1002 1273
  1003 288
  1004 586
  1005 411
  1006 710
  1007 648
  1008 1428
  1009 1193
  1010 925
  1011 795
  1012 1447
  1013 345
  1014 439
  1015 675
  1016 390
  1017 856
  1018 1269
  1019 2020
  1020 1481
  1021 1850
  1022 1015
  1023 233
  1024 1513
  1025 1625
  1026 284
  1027 1841
  1028 26
  1029 985
  1030 1436
  1031 741
  1032 2169
  1033 2120
  1034 870
  1035 243
  1036 1587
  1037 517
  1038 1066
  1039 2130
  1040 438
  1041 1951
  1042 465
  1043 1645
  1044 625
  1045 996
  1046 68
  1047 1431
  1048 907
  1049 469
  1050 2067
  1051 65
  1052 1921
  1053 1081
  1054 1067
  1055 742
  1056 2034
  1057 1427
  1058 558
  1059 608
  1060 667
  1061 1237
  1062 534
  1063 1565
  1064 2057
  1065 2043
  1066 761
  1067 896
  1068 1713
  1069 892
  1070 922
  1071 360
  1072 1666
  1073 509
  1074 1311
  1075 673
  1076 431
  1077 494
  1078 386
  1079 1093
  1080 1178
  1081 1777
  1082 309
  1083 2046
  1084 1677
  1085 1501
  1086 1117
  1087 1779
  1088 527
  1089 1563
  1090 1556
  1091 1584
  1092 287
  1093 1905
  1094 584
  1095 1036
  1096 719
  1097 694
  1098 819
  1099 978
COMMENT: TIMESTEP: 1
ORDERS_SECTION
  1 2 3 4
  2 5 6 7
  3 8
  4 9
  5 10 11 12
  6 13 14
  7 15
  8 16 17 18
  9 19
  10 20 21 22
  11 23 24
  12 25
  13 26 27 28
  14 29 439
  15 30
  16 31 32
  17 33 34 35
  18 36 37 38
  19 39 40
  20 41 42 583
  21 43 44 45
  22 46 47 48
  23 49 50 51
  24 52 53
  25 54 55 56
  26 57
  27 58
  28 59
  29 60
  30 61 62
  31 63
  32 64 65 66
  33 67 68
  34 69 70
  35 71 72 73
  36 74 75
  37 76
  38 77 78
  39 79
  40 80 81
  41 82 83 84
  42 85
  43 86 87 88
  44 89 90 91
  45 92
  46 93 94
  47 95 96 97
  48 98 99
  49 100
  50 101
  51 102
  52 103 972
  53 104 105 106 844
  54 107 108 109
  55 110 111
  56 112
  57 113
  58 114
  59 115
  60 116
  61 117 118
  62 119 120 121
  63 122 123 1084
  64 124 125
  65 126 127
  66 128 129 130
  67 131 132 133
  68 134
  69 135 136
  70 137 138
  71 139 140
  72 141 142 143
  73 144 145
  74 146
  75 147 148
  76 149
  77 150 151 152
  78 153 154
  79 155 156 157
  80 158 159
  81 160 161 162
  82 163 164 165
  83 166 167
  84 168 421
  85 169 170
  86 171 172 173
  87 174 175 176
  88 177 178
  89 179
  90 180 181
  91 182 183 184
  92 185 186
  93 187
  94 188 189 190
  95 191 192
  96 193 194 195
  97 196
  98 197 198 199
  99 200 201 202
  100 203
  101 204 205
  102 206 207 208
  103 209 210 211
  104 212 213 214
  105 215 216
  106 217 218
  107 219 220
  108 221 222 223
  109 224 225 226
  110 227 228
  111 229 230
  112 231 232
  113 233
  114 234 235
  115 236 237
  116 238 239 240
  117 241 242
  118 243 244 245
  119 246 247 248 882
  120 249 250
  121 251
  122 252 253
  123 254 255 256
  124 257
  125 258 259
  126 260
  127 261 262 263
  128 264
  129 265
  130 266
  131 267
  132 268 269
  133 270 271 272
  134 273
  135 274 275 276
  136 277 278 279
  137 280
  138 281
  139 282 283
  140 284 285 286
  141 287
  142 288
  143 289 290
  144 291
  145 292 293 294
  146 295 296 297
  147 298
  148 299 300 301
  149 302
  150 303 304 248
  151 305 306 399
  152 307 308
  153 309 310
  154 311 312 313
  155 314
  156 315 416
  157 316
  158 317 318 319
  159 320
  160 321
  161 322
  162 323 324 325
  163 326 327 328
  164 329 330
  165 331 332 333
  166 334 335
  167 336
  168 337 338 339
  169 340 341
  170 342 343 344
  171 345 346 347
  172 348
  173 349 350 351
  174 352
  175 353 354 355
  176 356 357
  177 358 359 360
  178 361 362 363
  179 364 365 366
  180 367 368 452
  181 369
  182 370 371
  183 372 373 374 591
  184 375 376
  185 377 378
  186 379 380
  187 381 382 383
  188 384
  189 385 386 387
  190 388 389
  191 390
  192 391 67
  193 392 393 394
  194 395 396 397
  195 398 399
  196 400 401
  197 402 403 404
  198 405 406 407 373 8
  199 408 409
  200 410 411 412
  201 413 414
  202 415 416
  203 417 418
  204 419 420 421
  205 422 423 424
  206 425 426
  207 427 428 429
  208 430 431 432
  209 433 434
  210 435 436 437
  211 438 439
  212 440 441
  213 442 443 444
  214 445 446
  215 447
  216 448 101
  217 449 450
  218 451 452 453
  219 454 455
  220 456
  221 457 458
  222 459 460 461
  223 462 463
  224 464
  225 465
  226 466
  227 467
  228 468 469 470
  229 471
  230 472 473 474
  231 475 476
  232 477 478 479
  233 480 481 321
  234 482
  235 483 484 574
  236 485 486
  237 487
  238 488
  239 489 490 491
  240 492 493
  241 494 495 496 1094
  242 497
  243 498
  244 499 500
  245 501 502 503
  246 504 505 506
  247 507 508
  248 509
  249 510
  250 511 512 513
  251 514 515 516
  252 517 518 519
  253 520 521 522 336
  254 523 524 525
  255 526 527
  256 528 529 530
  257 531 532
  258 533
  259 534 535
  260 536 537 538
  261 539 540
  262 541 542 543
  263 544 545 546
  264 547 548 549
  265 550 551
  266 552 553 554
  267 555
  268 556 557 558
  269 559 560
  270 561 562 563
  271 564 565
  272 566
  273 567
  274 568 569
  275 570
  276 571
  277 572
  278 573
  279 574 575 576
  280 577 578 579
  281 580 581 582
  282 583
  283 584 585 586
  284 587 588
  285 589
  286 590
  287 591
  288 592
  289 593 594
  290 595 596
  291 597 598 599
  292 600 601 451
  293 602 603
  294 604
  295 605 606 607
  296 608
  297 609 610 611
  298 612 613 614
  299 615 616
  300 617 618
  301 619 620
  302 621 622
  303 623 624
  304 625 626 627 353
  305 628 629 103
  306 630 631 632
  307 633
  308 634 635 636 100
  309 637
  310 638
  311 639 640 641
  312 642 146
  313 643 644
  314 645 646 647
  315 648 649
  316 650 651
  317 652 653
  318 654 79
  319 655 656
  320 657 658 659
  321 660 661 662
  322 663 664 665
  323 666 667
  324 668
  325 669 670
  326 671 672 673
  327 674
  328 675 676
  329 677
  330 678
  331 679 738
  332 680 681
  333 682 683 684
  334 685
  335 686 687
  336 688 689 615
  337 690 691
  338 692
  339 693 694
  340 695 772
  341 696 697 698
  342 699
  343 700 701 702
  344 703 704 705
  345 706 707
  346 708 709
  347 710 711
  348 712
  349 713
  350 714 715 716
  351 717 718
  352 719 720
  353 721 722
  354 723 724 725
  355 726 727 728
  356 729 791
  357 730
  358 731
  359 732
  360 733 734 735
  361 736 737
  362 738 327
  363 739 740
  364 741 742 743
  365 744 745 746
  366 747 464
  367 748 749 750
  368 751 752
  369 753 754 755 92 298
  370 756
  371 757 758
  372 759 760
  373 761
  374 762 763
  375 764 765
  376 766 767 768
  377 769
  378 770 771 772
  379 773 774 775
  380 776 777 778
  381 779 780 781
  382 782 783
  383 784 785 786
  384 787 788 789
  385 790
  386 791 792 793
  387 794 795
  388 796 797
  389 798 799 800 41
  390 801 802 552
  391 803 68
  392 804 805
  393 806 807 808
  394 809 810
  395 811 812 813
  396 814 815 816
  397 817
  398 818
  399 819 820
  400 821 822
  401 823
  402 824 825
  403 826 827 828
  404 829 830 831
  405 832 833 834
  406 835 836 837
  407 838
  408 839 840 841
  409 842 843
  410 844 845
  411 846 847 848
  412 849 850 851
  413 852
  414 853
  415 854
  416 855 856 857
  417 858 859
  418 860 861
  419 862 863
  420 864 865 866
  421 867
  422 868 869 870
  423 871 872
  424 873 874 875
  425 876 877 878
  426 879 880
  427 881
  428 882
  429 883
  430 884
  431 885 886
  432 887 888 889
  433 890 891 892
  434 893
  435 894 895
  436 896 897
  437 898 899
  438 900
  439 901 336
  440 902
  441 903
  442 904
  443 905 559
  444 906
  445 907 908 909
  446 910 911
  447 912
  448 913 914 915
  449 916
  450 917 918 396
  451 919 920 1024
  452 921 922
  453 923
  454 924 925
  455 926
  456 927 928 929
  457 930 931
  458 932
  459 933 934 935
  460 936 937
  461 938 939
  462 940 941 942
  463 943 944 945
  464 946 947 948
  465 949 950
  466 951
  467 952 953 954
  468 955
  469 956 957 958
  470 959 960 961
  471 962 799
  472 963 964
  473 965 966 967
  474 968 969
  475 970 971 972
  476 973
  477 974 975
  478 976
  479 977 978 979
  480 980 981 982
  481 983 984 985
  482 986 987 988
  483 989 990
  484 991
  485 992
  486 993 994 995
  487 996 997 998
  488 999 1000 1001
  489 1002 1003
  490 1004 1005 1006
  491 1007 1008 1009
  492 1010 1011 1012
  493 1013 1014
  494 1015 1016
  495 1017 1018
  496 1019
  497 1020 1021
  498 1022
  499 1023
  500 1024 1025 406
  501 1026
  502 1027 1028 1029
  503 1030
  504 1031 1032 1033
  505 1034 1035
  506 1036 1037
  507 1038
  508 1039 1040 1041
  509 1042 1043 1044
  510 1045
  511 1046
  512 1047
  513 1048 1049
  514 1050 1051
  515 1052 1053 1054
  516 1055
  517 1056
  518 1057
  519 1058
  520 1059 1060 1061
  521 1062 1063
  522 1064 1065 1066
  523 1067
  524 1068 1069
  525 1070
  526 1071
  527 1072 1073
  528 1074
  529 1075 1076 1077
  530 1078 1079 1080
  531 1081 1082 1083
  532 1084
  533 1085 1086
  534 1087 1088 1089
  535 1090
  536 1091 1092 1093
  537 1094
  538 1095
  539 1096 1097 1098
  540 1099 394
TIME_AVAIL_SECTION
  1 1
  2 1
  3 1
  4 1
  5 1
  6 1
  7 1
  8 1
  9 1
  10 1
  11 1
  12 1
  13 1
  14 1
  15 1
  16 1
  17 1
  18 1
  19 1
  20 1
  21 1
  22 1
  23 1
  24 1
  25 1
  26 1
  27 1
  28 1
  29 1
  30 1
  31 1
  32 1
  33 1
  34 1
  35 1
  36 1
  37 1
  38 1
  39 1
  40 1
  41 1
  42 1
  43 1
  44 1
  45 1
  46 1
  47 1
  48 1
  49 1
  50 1
  51 1
  52 1
  53 1
  54 1
  55 1
  56 1
  57 1
  58 1
  59 1
  60 1
  61 1
  62 1
  63 1
  64 1
  65 1
  66 1
  67 1
  68 1
  69 1
  70 1
  71 1
  72 1
  73 1
  74 1
  75 1
  76 1
  77 1
  78 1
  79 1
  80 1
  81 1
  82 1
  83 1
  84 1
  85 1
  86 1
  87 1
  88 1
  89 1
  90 1
  91 1
  92 1
  93 1
  94 1
  95 1
  96 1
  97 1
  98 1
  99 1
  100 1
  101 1
  102 1
  103 1
  104 1
  105 1
  106 1
  107 1
  108 1
  109 1
  110 1
  111 1
  112 1
  113 1
  114 1
  115 1
  116 1
  117 1
  118 1
  119 1
  120 1
  121 1
  122 1
  123 1
  124 1
  125 1
  126 1
  127 1
  128 1
  129 1
  130 1
  131 1
  132 1
  133 1
  134 1
  135 1
  136 1
  137 1
  138 1
  139 1
  140 1
  141 1
  142 1
  143 1
  144 1
  145 1
  146 1
  147 1
  148 1
  149 1
  150 1
  151 1
  152 1
  153 1
  154 1
  155 1
  156 1
  157 1
  158 1
  159 1
  160 1
  161 1
  162 1
  163 1
  164 1
  165 1
  166 1
  167 1
  168 1
  169 1
  170 1
  171 1
  172 1
  173 1
  174 1
  175 1
  176 1
  177 1
  178 1
  179 1
  180 1
  181 1
  182 1
  183 1
  184 1
  185 1
  186 1
  187 1
  188 1
  189 1
  190 1
  191 1
  192 1
  193 1
  194 1
  195 1
  196 1
  197 1
  198 1
  199 1
  200 1
  201 1
  202 1
  203 1
  204 1
  205 1
  206 1
  207 1
  208 1
  209 1
  210 1
  211 1
  212 1
  213 1
  214 1
  215 1
  216 1
  217 1
  218 1
  219 1
  220 1
  221 1
  222 1
  223 1
  224 1
  225 1
  226 1
  227 1
  228 1
  229 1
  230 1
  231 1
  232 1
  233 1
  234 1
  235 1
  236 1
  237 1
  238 1
  239 1
  240 1
  241 1
  242 1
  243 1
  244 1
  245 1
  246 1
  247 1
  248 1
  249 1
  250 1
  251 1
  252 1
  253 1
  254 1
  255 1
  256 1
  257 1
  258 1
  259 1
  260 1
  261 1
  262 1
  263 1
  264 1
  265 1
  266 1
  267 1
  268 1
  269 1
  270 1
  271 1
  272 1
  273 1
  274 1
  275 1
  276 1
  277 1
  278 1
  279 1
  280 1
  281 1
  282 1
  283 1
  284 1
  285 1
  286 1
  287 1
  288 1
  289 1
  290 1
  291 1
  292 1
  293 1
  294 1
  295 1
  296 1
  297 1
  298 1
  299 1
  300 1
  301 1
  302 1
  303 1
  304 1
  305 1
  306 1
  307 1
  308 1
  309 1
  310 1
  311 1
  312 1
  313 1
  314 1
  315 1
  316 1
  317 1
  318 1
  319 1
  320 1
  321 1
  322 1
  323 1
  324 1
  325 1
  326 1
  327 1
  328 1
  329 1
  330 1
  331 1
  332 1
  333 1
  334 1
  335 1
  336 1
  337 1
  338 1
  339 1
  340 1
  341 1
  342 1
  343 1
  344 1
  345 1
  346 1
  347 1
  348 1
  349 1
  350 1
  351 1
  352 1
  353 1
  354 1
  355 1
  356 1
  357 1
  358 1
  359 1
  360 1
  361 1
  362 1
  363 1
  364 1
  365 1
  366 1
  367 1
  368 1
  369 1
  370 1
  371 1
  372 1
  373 1
  374 1
  375 1
  376 1
  377 1
  378 1
  379 1
  380 1
  381 1
  382 1
  383 1
  384 1
  385 1
  386 1
  387 1
  388 1
  389 1
  390 1
  391 1
  392 1
  393 1
  394 1
  395 1
  396 1
  397 1
  398 1
  399 1
  400 1
  401 1
  402 1
  403 1
  404 1
  405 1
  406 1
  407 1
  408 1
  409 1
  410 1
  411 1
  412 1
  413 1
  414 1
  415 1
  416 1
  417 1
  418 1
  419 1
  420 1
  421 1
  422 1
  423 1
  424 1
  425 1
  426 1
  427 1
  428 1
  429 1
  430 1
  431 1
  432 1
  433 1
  434 1
  435 1
  436 1
  437 1
  438 1
  439 1
  440 1
  441 1
  442 1
  443 1
  444 1
  445 1
  446 1
  447 1
  448 1
  449 1
  450 1
  451 1
  452 1
  453 1
  454 1
  455 1
  456 1
  457 1
  458 1
  459 1
  460 1
  461 1
  462 1
  463 1
  464 1
  465 1
  466 1
  467 1
  468 1
  469 1
  470 1
  471 1
  472 1
  473 1
  474 1
  475 1
  476 1
  477 1
  478 1
  479 1
  480 1
  481 1
  482 1
  483 1
  484 1
  485 1
  486 1
  487 1
  488 1
  489 1
  490 1
  491 1
  492 1
  493 1
  494 1
  495 1
  496 1
  497 1
  498 1
  499 1
  500 1
  501 1
  502 1
  503 1
  504 1
  505 1
  506 1
  507 1
  508 1
  509 1
  510 1
  511 1
  512 1
  513 1
  514 1
  515 1
  516 1
  517 1
  518 1
  519 1
  520 1
  521 1
  522 1
  523 1
  524 1
  525 1
  526 1
  527 1
  528 1
  529 1
  530 1
  531 1
  532 1
  533 1
  534 1
  535 1
  536 1
  537 1
  538 1
  539 1
  540 1
EOF
