VRPTEST 1.0
COMMENT: descr: Modified tsplib for the OBP
COMMENT: Best known objective: 5874.371
COMMENT: Computational time (s): 6180.043208
NAME: c1132_bc03
NUM_CAPACITIES: 1
NUM_VISITS: 1132
NUM_VEHICLES: 26
CAPACITIES: 27
DATA_SECTION
DEPOTS
  0
  1
VISIT_LOCATION_SECTION
  2 1993
  3 921
  4 468
  5 701
  6 1618
  7 627
  8 449
  9 814
  10 1969
  11 1032
  12 995
  13 528
  14 1023
  15 1257
  16 561
  17 340
  18 1519
  19 949
  20 692
  21 1160
  22 1462
  23 441
  24 956
  25 50
  26 2109
  27 1626
  28 983
  29 2037
  30 1763
  31 20
  32 93
  33 1342
  34 819
  35 1175
  36 2013
  37 187
  38 286
  39 2119
  40 1353
  41 425
  42 1416
  43 680
  44 1214
  45 986
  46 307
  47 1670
  48 492
  49 1897
  50 385
  51 601
  52 1367
  53 997
  54 2071
  55 869
  56 2084
  57 1651
  58 509
  59 1604
  60 405
  61 1727
  62 1994
  63 394
  64 445
  65 1165
  66 203
  67 844
  68 1538
  69 1877
  70 430
  71 1394
  72 64
  73 79
  74 2040
  75 1039
  76 1454
  77 705
  78 1704
  79 1050
  80 1532
  81 1285
  82 1582
  83 1239
  84 1269
  85 1718
  86 119
  87 1893
  88 483
  89 558
  90 959
  91 387
  92 1744
  93 1118
  94 326
  95 2024
  96 460
  97 1611
  98 2127
  99 1329
  100 2057
  101 337
  102 456
  103 1167
  104 547
  105 1975
  106 925
  107 2152
  108 1294
  109 1038
  110 1347
  111 689
  112 1399
  113 1053
  114 288
  115 236
  116 360
  117 2030
  118 215
  119 1473
  120 1937
  121 439
  122 945
  123 1300
  124 1966
  125 1330
  126 121
  127 1319
  128 2085
  129 777
  130 1963
  131 1108
  132 552
  133 1087
  134 1111
  135 693
  136 733
  137 749
  138 1224
  139 1149
  140 786
  141 1601
  142 1728
  143 2007
  144 1412
  145 996
  146 2138
  147 1177
  148 1655
  149 1254
  150 48
  151 1338
  152 1594
  153 1176
  154 573
  155 1209
  156 708
  157 1131
  158 975
  159 139
  160 1389
  161 2077
  162 856
  163 68
  164 459
  165 349
  166 1560
  167 1834
  168 710
  169 1431
  170 871
  171 795
  172 1113
  173 1828
  174 1306
  175 520
  176 976
  177 891
  178 1960
  179 1583
  180 841
  181 1373
  182 2121
  183 1127
  184 700
  185 2059
  186 478
  187 1896
  188 2118
  189 859
  190 1747
  191 1726
  192 296
  193 831
  194 1230
  195 259
  196 1753
  197 1922
  198 1757
  199 1114
  200 605
  201 1145
  202 1804
  203 1046
  204 1448
  205 1837
  206 378
  207 292
  208 1196
  209 661
  210 990
  211 417
  212 1312
  213 1608
  214 1517
  215 163
  216 1925
  217 929
  218 395
  219 2009
  220 173
  221 1666
  222 1999
  223 762
  224 1244
  225 1615
  226 1680
  227 1201
  228 1356
  229 1133
  230 548
  231 1143
  232 1339
  233 303
  234 1013
  235 235
  236 1146
  237 1211
  238 1675
  239 857
  240 736
  241 218
  242 752
  243 16
  244 1913
  245 1301
  246 1217
  247 1054
  248 1411
  249 745
  250 1447
  251 1860
  252 1275
  253 944
  254 549
  255 1095
  256 496
  257 246
  258 6
  259 830
  260 65
  261 1784
  262 484
  263 2038
  264 2066
  265 221
  266 1335
  267 205
  268 569
  269 69
  270 2094
  271 531
  272 1984
  273 1491
  274 1227
  275 2073
  276 873
  277 588
  278 1699
  279 603
  280 415
  281 2058
  282 842
  283 1100
  284 1417
  285 1875
  286 2070
  287 1322
  288 1932
  289 1928
  290 761
  291 850
  292 512
  293 1081
  294 775
  295 1524
  296 554
  297 1478
  298 391
  299 941
  300 474
  301 892
  302 202
  303 1528
  304 948
  305 609
  306 37
  307 1832
  308 1480
  309 1658
  310 1082
  311 513
  312 2131
  313 249
  314 1947
  315 719
  316 1337
  317 2162
  318 978
  319 2081
  320 77
  321 1657
  322 1097
  323 212
  324 971
  325 2165
  326 2120
  327 1008
  328 787
  329 1720
  330 302
  331 1080
  332 1800
  333 1368
  334 655
  335 1541
  336 684
  337 537
  338 2026
  339 1839
  340 66
  341 1472
  342 450
  343 675
  344 598
  345 1036
  346 1247
  347 1501
  348 1363
  349 805
  350 2029
  351 438
  352 1316
  353 2061
  354 1072
  355 58
  356 1035
  357 434
  358 1771
  359 2082
  360 491
  361 1777
  362 1574
  363 363
  364 2050
  365 1303
  366 1954
  367 2076
  368 1124
  369 1467
  370 792
  371 1698
  372 336
  373 989
  374 1163
  375 1550
  376 1427
  377 1010
  378 2133
  379 1231
  380 1591
  381 2015
  382 1944
  383 2078
  384 1918
  385 152
  386 1423
  387 1850
  388 1198
  389 916
  390 2141
  391 640
  392 1683
  393 1750
  394 1490
  395 401
  396 985
  397 1687
  398 1884
  399 1141
  400 1656
  401 1849
  402 728
  403 132
  404 1060
  405 1762
  406 1228
  407 2102
  408 1025
  409 351
  410 1216
  411 1736
  412 18
  413 1633
  414 2028
  415 472
  416 843
  417 368
  418 142
  419 1101
  420 1853
  421 1261
  422 1907
  423 1579
  424 1169
  425 1785
  426 110
  427 1549
  428 893
  429 1222
  430 1586
  431 223
  432 1653
  433 742
  434 845
  435 641
  436 2064
  437 631
  438 281
  439 1576
  440 1005
  441 656
  442 824
  443 1557
  444 347
  445 840
  446 170
  447 383
  448 1058
  449 254
  450 622
  451 1453
  452 1713
  453 1002
  454 1577
  455 2097
  456 1882
  457 1816
  458 999
  459 1619
  460 1900
  461 285
  462 125
  463 1901
  464 2158
  465 1040
  466 233
  467 1245
  468 15
  469 907
  470 1955
  471 251
  472 1465
  473 1980
  474 1476
  475 1755
  476 1772
  477 325
  478 800
  479 1640
  480 41
  481 54
  482 1179
  483 2160
  484 2072
  485 2020
  486 1711
  487 1569
  488 671
  489 477
  490 2012
  491 1899
  492 785
  493 998
  494 1044
  495 1299
  496 1104
  497 1903
  498 756
  499 581
  500 1825
  501 297
  502 2
  503 1990
  504 1134
  505 1815
  506 435
  507 22
  508 1590
  509 159
  510 2163
  511 2132
  512 809
  513 1529
  514 2023
  515 1042
  516 1996
  517 469
  518 1041
  519 1946
  520 1376
  521 977
  522 1868
  523 1077
  524 646
  525 524
  526 1844
  527 1695
  528 1136
  529 1905
  530 952
  531 1774
  532 1280
  533 244
  534 1438
  535 52
  536 369
  537 1588
  538 204
  539 34
  540 514
  541 1660
  542 2130
  543 138
  544 1783
  545 320
  546 1140
  547 410
  548 1436
  549 440
  550 818
  551 734
  552 607
  553 225
  554 881
  555 1600
  556 431
  557 500
  558 1484
  559 374
  560 633
  561 1009
  562 1424
  563 540
  564 946
  565 905
  566 1443
  567 1327
  568 1677
  569 1886
  570 1873
  571 790
  572 131
  573 2125
  574 1970
  575 365
  576 493
  577 1313
  578 1001
  579 1451
  580 726
  581 1863
  582 304
  583 350
  584 116
  585 2096
  586 2116
  587 309
  588 1390
  589 1251
  590 1823
  591 130
  592 338
  593 43
  594 629
  595 1291
  596 1887
  597 1855
  598 293
  599 536
  600 2092
  601 602
  602 419
  603 681
  604 667
  605 299
  606 529
  607 418
  608 1781
  609 1961
  610 1764
  611 354
  612 1281
  613 748
  614 906
  615 1637
  616 570
  617 1379
  618 1749
  619 1643
  620 1105
  621 1684
  622 1513
  623 706
  624 1234
  625 2035
  626 658
  627 682
  628 1737
  629 727
  630 250
  631 479
  632 19
  633 1967
  634 793
  635 694
  636 2110
  637 1978
  638 1195
  639 161
  640 1107
  641 1647
  642 134
  643 1808
  644 126
  645 1570
  646 448
  647 2001
  648 1098
  649 47
  650 1627
  651 746
  652 117
  653 1642
  654 1885
  655 1792
  656 1292
  657 660
  658 160
  659 403
  660 462
  661 1317
  662 464
  663 1268
  664 1336
  665 1650
  666 1752
  667 498
  668 1972
  669 2041
  670 832
  671 1602
  672 1702
  673 1617
  674 1676
  675 645
  676 847
  677 324
  678 934
  679 924
  680 1405
  681 759
  682 1691
  683 1238
  684 1575
  685 2046
  686 1793
  687 1543
  688 1746
  689 1798
  690 1503
  691 1854
  692 568
  693 1739
  694 657
  695 107
  696 463
  697 123
  698 432
  699 1474
  700 1531
  701 408
  702 1971
  703 1178
  704 624
  705 101
  706 1866
  707 1190
  708 503
  709 437
  710 230
  711 866
  712 1876
  713 290
  714 379
  715 1220
  716 1977
  717 232
  718 1525
  719 574
  720 766
  721 1499
  722 397
  723 1721
  724 846
  725 356
  726 1558
  727 1856
  728 1037
  729 1103
  730 191
  731 964
  732 663
  733 381
  734 1559
  735 7
  736 122
  737 1074
  738 571
  739 198
  740 1838
  741 776
  742 1079
  743 798
  744 313
  745 1393
  746 2159
  747 266
  748 2087
  749 1933
  750 876
  751 184
  752 1612
  753 183
  754 962
  755 1754
  756 572
  757 1632
  758 1154
  759 1075
  760 96
  761 433
  762 1272
  763 228
  764 511
  765 687
  766 1248
  767 1450
  768 1504
  769 31
  770 402
  771 744
  772 476
  773 461
  774 1407
  775 1498
  776 331
  777 613
  778 688
  779 2111
  780 1344
  781 920
  782 1951
  783 1930
  784 38
  785 909
  786 1938
  787 1846
  788 1638
  789 21
  790 644
  791 2079
  792 2154
  793 263
  794 1790
  795 606
  796 45
  797 86
  798 783
  799 1982
  800 967
  801 2068
  802 1341
  803 1298
  804 195
  805 611
  806 1743
  807 1415
  808 2113
  809 200
  810 970
  811 721
  812 696
  813 242
  814 1546
  815 1470
  816 1200
  817 1991
  818 863
  819 1186
  820 151
  821 1351
  822 71
  823 342
  824 1508
  825 489
  826 1730
  827 532
  828 1635
  829 1273
  830 559
  831 1237
  832 108
  833 1552
  834 411
  835 219
  836 392
  837 1067
  838 1419
  839 120
  840 94
  841 1663
  842 1915
  843 505
  844 1690
  845 717
  846 2067
  847 238
  848 1147
  849 98
  850 1767
  851 280
  852 1769
  853 276
  854 577
  855 1707
  856 2045
  857 89
  858 2083
  859 1563
  860 428
  861 993
  862 751
  863 917
  864 639
  865 1562
  866 2098
  867 1384
  868 352
  869 1132
  870 1378
  871 239
  872 2170
  873 59
  874 2004
  875 851
  876 900
  877 1533
  878 1277
  879 4
  880 1064
  881 136
  882 1094
  883 872
  884 1031
  885 935
  886 2112
  887 1607
  888 452
  889 2063
  890 2060
  891 1674
  892 1263
  893 1673
  894 1729
  895 950
  896 898
  897 984
  898 1102
  899 404
  900 1983
  901 922
  902 968
  903 1063
  904 878
  905 565
  906 210
  907 1609
  908 526
  909 74
  910 2156
  911 1049
  912 1410
  913 1953
  914 882
  915 1233
  916 1527
  917 1890
  918 683
  919 1271
  920 1207
  921 133
  922 1786
  923 1070
  924 2161
  925 2048
  926 2135
  927 1406
  928 913
  929 1458
  930 669
  931 1904
  932 564
  933 1091
  934 2103
  935 344
  936 938
  937 24
  938 991
  939 1331
  940 937
  941 1155
  942 782
  943 630
  944 737
  945 1585
  946 1565
  947 1865
  948 237
  949 865
  950 334
  951 1986
  952 754
  953 1326
  954 181
  955 1766
  956 1827
  957 1236
  958 1055
  959 880
  960 1649
  961 375
  962 940
  963 1926
  964 1679
  965 275
  966 1188
  967 1270
  968 677
  969 604
  970 966
  971 729
  972 1561
  973 1530
  974 823
  975 1553
  976 582
  977 1672
  978 1646
  979 2036
  980 298
  981 1332
  982 1668
  983 1429
  984 755
  985 1629
  986 329
  987 1388
  988 1534
  989 127
  990 2054
  991 1506
  992 612
  993 1835
  994 1397
  995 1521
  996 414
  997 341
  998 911
  999 1372
  1000 1845
  1001 1387
  1002 1366
  1003 553
  1004 423
  1005 502
  1006 501
  1007 175
  1008 2095
  1009 1346
  1010 1788
  1011 1093
  1012 2153
  1013 981
  1014 214
  1015 399
  1016 1603
  1017 1345
  1018 241
  1019 63
  1020 1382
  1021 527
  1022 853
  1023 1487
  1024 353
  1025 2090
  1026 346
  1027 904
  1028 264
  1029 789
  1030 287
COMMENT: TIMESTEP: 1
ORDERS_SECTION
  1 2 3
  2 4 5
  3 6 7
  4 8 9
  5 10 10
  6 11 12
  7 13 14
  8 15 411
  9 16
  10 17 18
  11 19 20
  12 21 22
  13 23 24
  14 25 26
  15 27
  16 28 29
  17 30
  18 31 32 583
  19 33
  20 34
  21 35 685
  22 36 37
  23 38
  24 39
  25 40 41
  26 42 43 253
  27 44
  28 45
  29 46 47
  30 48 49
  31 50 51
  32 52 53
  33 54 55
  34 56
  35 57 58 616
  36 59 60
  37 61 62 593
  38 63 64
  39 65 66
  40 67 68 411
  41 69
  42 70
  43 71
  44 72
  45 73
  46 74 75
  47 76 77
  48 78
  49 79 80
  50 81 82
  51 83 84
  52 85 86
  53 87 88
  54 89
  55 90 91
  56 92 93
  57 94 95 342
  58 96 97
  59 98 99 409
  60 100 101
  61 102 103
  62 104
  63 105 106
  64 107
  65 108
  66 109
  67 110
  68 111 112
  69 113 114
  70 115 116
  71 117 118
  72 119
  73 120 121
  74 122
  75 123 124
  76 125
  77 126 127
  78 128 129
  79 130
  80 131
  81 132
  82 133 134
  83 135 136
  84 137
  85 138
  86 139
  87 140
  88 141 142
  89 143 930
  90 144 145
  91 146
  92 147
  93 148
  94 149 150
  95 151 152
  96 153 154
  97 155
  98 156
  99 157 158
  100 159 160
  101 161
  102 162 652
  103 163 164
  104 165
  105 166
  106 167 168
  107 169 170
  108 171
  109 172 173
  110 174 175
  111 176 177
  112 178 215
  113 179
  114 180 181
  115 182 183
  116 184 185
  117 186 187
  118 188
  119 189 190
  120 191
  121 192 193
  122 194
  123 195
  124 196
  125 197
  126 198 199
  127 200
  128 201 202
  129 203 204
  130 205 206
  131 207 208 493
  132 209
  133 210
  134 211 212
  135 213 214
  136 215 216 711
  137 217 218
  138 219
  139 220 136 5
  140 221
  141 222 223
  142 224 225
  143 226 227
  144 228 229
  145 230
  146 231 232
  147 233 234
  148 235
  149 236 237
  150 238 239
  151 240
  152 241 242
  153 243 244
  154 245 246
  155 247 248
  156 249 250
  157 251
  158 252 253
  159 254 683
  160 255
  161 256
  162 257 258
  163 259 260
  164 261 262
  165 263 264
  166 265
  167 266
  168 267 268
  169 269 270
  170 271
  171 272 273
  172 274
  173 275 276
  174 277
  175 278
  176 279 280 732
  177 281
  178 282 283 748
  179 284 285
  180 286 287
  181 288
  182 289
  183 290
  184 291 292 828
  185 293 294
  186 295
  187 296
  188 297
  189 298
  190 299 60
  191 300 301
  192 302 303
  193 304 305
  194 306 307
  195 308
  196 309 310 1012 947
  197 311 312
  198 313 314
  199 315 316
  200 317
  201 318
  202 319
  203 320 321
  204 322
  205 323 324
  206 325 354
  207 326 327
  208 328 329
  209 330
  210 331
  211 332 333
  212 334 335
  213 336
  214 337
  215 338 339
  216 340 341 91
  217 342
  218 343
  219 344
  220 345 346
  221 347 348 1018
  222 349 350
  223 351 352
  224 353 354
  225 355
  226 356 357
  227 358 359
  228 360 361
  229 362
  230 363 364 246
  231 365 366
  232 367
  233 368 982
  234 369
  235 370
  236 371 372
  237 373
  238 374
  239 375 376
  240 377 378
  241 379 380
  242 381 382 681
  243 383 384
  244 385 386 763
  245 387
  246 388 955
  247 389
  248 390
  249 391 609
  250 392
  251 393 195
  252 394 395
  253 396
  254 397
  255 398
  256 399
  257 400 401
  258 402
  259 403 404 335 231
  260 405 406
  261 407
  262 408 409
  263 410
  264 411
  265 412
  266 413
  267 414 415
  268 416
  269 417
  270 418
  271 419
  272 420
  273 421
  274 422
  275 423 424
  276 425 367
  277 426
  278 427 729
  279 428
  280 429 430
  281 431 432
  282 433 660
  283 434
  284 435 98
  285 436
  286 437
  287 438
  288 439
  289 440 441 964
  290 442 443
  291 444
  292 445 446
  293 447 448
  294 449 450
  295 451
  296 452
  297 453 454
  298 455 456
  299 457 458
  300 459 460
  301 461
  302 462
  303 463 464
  304 465 466
  305 467 468 661
  306 469
  307 470 471
  308 472 473 302
  309 474
  310 475 476
  311 477 478
  312 479 480
  313 481
  314 482
  315 483
  316 484 485
  317 486
  318 487
  319 488 489
  320 490 491
  321 492 493
  322 494 495
  323 496 497
  324 498 499
  325 500 501
  326 502 315
  327 503 790
  328 504 505
  329 506
  330 507
  331 508
  332 509 510
  333 511 512
  334 513 514
  335 515 516 521
  336 517 518
  337 519 520
  338 521 522
  339 523 524
  340 525 929
  341 526
  342 527
  343 528
  344 529 530 763
  345 531 532
  346 533 534
  347 535 536 247
  348 537
  349 538 539
  350 540
  351 541
  352 542
  353 543
  354 544 545 702 942
  355 546 547
  356 548 549
  357 550
  358 551 44
  359 552
  360 553 554
  361 555 556
  362 557 558 82
  363 559 1018
  364 560
  365 561
  366 562 563
  367 564
  368 565 566
  369 567 568
  370 569
  371 570 571
  372 572
  373 573
  374 574
  375 575 576
  376 577
  377 578 579
  378 580
  379 581 582
  380 583 698
  381 584
  382 585
  383 586
  384 587
  385 588
  386 589
  387 590
  388 591
  389 592
  390 593 594
  391 595 596
  392 597
  393 598
  394 599 336
  395 600 601
  396 602 603
  397 604 768
  398 605
  399 606 104
  400 607 608
  401 609
  402 610
  403 611
  404 612 613
  405 614 615
  406 616
  407 617
  408 618 619
  409 620 621
  410 622
  411 623
  412 624
  413 625
  414 626 627
  415 628 629
  416 630 631
  417 632
  418 633 634
  419 635 636
  420 637 638
  421 639 640
  422 641 642 657
  423 643
  424 644 645
  425 646
  426 647
  427 648
  428 649
  429 650 651
  430 652 653
  431 654 655
  432 656
  433 657
  434 658 659
  435 660 971
  436 661
  437 662 663
  438 664 665
  439 666 171
  440 667 668
  441 669 670
  442 671
  443 672
  444 673
  445 674
  446 675
  447 676 677
  448 678
  449 679
  450 680 681
  451 682
  452 683 1029
  453 684 685
  454 686
  455 687 688
  456 689 690
  457 691 478 417
  458 692
  459 693
  460 694
  461 695
  462 696
  463 697
  464 698
  465 699 700
  466 701 900
  467 702 703
  468 704 81
  469 705 706 439
  470 707 708
  471 709 710
  472 711 712
  473 713 443
  474 714
  475 715
  476 716 717
  477 718 719
  478 720
  479 721 722
  480 723
  481 724 725
  482 726
  483 727 728
  484 729 730
  485 731 732
  486 733 734
  487 735 253
  488 736
  489 737
  490 738
  491 739
  492 740 741
  493 742 743
  494 744 745
  495 746 747
  496 748 749 122
  497 750 751
  498 752 753
  499 754 755
  500 756 757
  501 758
  502 759 760
  503 761 561
  504 762 10
  505 763 764
  506 765
  507 766
  508 767 274 380 453
  509 768
  510 769 770
  511 771 772 596
  512 773 774
  513 775 776
  514 777
  515 778 779
  516 780 781
  517 782 783
  518 784 785
  519 786
  520 787
  521 788
  522 789
  523 790 791
  524 792
  525 793
  526 794
  527 795
  528 796
  529 797
  530 798
  531 799 798
  532 800
  533 801 802
  534 803 804
  535 805 806
  536 807
  537 808 809
  538 810 811
  539 812
  540 813 814
  541 815 816
  542 817 818
  543 819
  544 820 76 730
  545 821 822
  546 823 824 179
  547 825 826
  548 827
  549 828 829
  550 830 831
  551 832
  552 833
  553 834 835
  554 836 837 528
  555 838 839
  556 840 841
  557 842
  558 843 844
  559 845 846
  560 847 848
  561 849 850
  562 851
  563 852 853
  564 854
  565 855 856
  566 857 858 829
  567 859 860 590 872
  568 861 862
  569 863
  570 864 865
  571 866 867 49 36
  572 868 869
  573 870 23
  574 871
  575 872
  576 873 874
  577 875 876
  578 877 878
  579 879
  580 880
  581 881 388
  582 882
  583 883 884
  584 885 886
  585 887
  586 888 889 984
  587 890 891
  588 892 893
  589 894 895
  590 896
  591 897
  592 898 899
  593 900
  594 901 902
  595 903 904
  596 905
  597 906 907 906
  598 908
  599 909
  600 910 668
  601 911 912 751
  602 913 914
  603 915
  604 916 917
  605 918 919
  606 920 921
  607 922 923 469
  608 924
  609 925
  610 926 927
  611 928 929
  612 930
  613 931
  614 932 933
  615 934
  616 935 936
  617 937 938
  618 939
  619 940
  620 941
  621 942
  622 943 944
  623 945 946 673
  624 947
  625 948 949
  626 950 812
  627 951 952
  628 953
  629 954
  630 955 178
  631 956
  632 957 958
  633 959 960
  634 961 816
  635 962
  636 963
  637 964
  638 965 966
  639 967 968
  640 969 970
  641 971 972
  642 973 1004
  643 974 975
  644 976
  645 977 978
  646 979
  647 980 981
  648 982
  649 983
  650 984 985
  651 986
  652 987 988
  653 989
  654 990 991
  655 992 319
  656 993
  657 994 995
  658 996 997
  659 998
  660 999 112
  661 1000
  662 1001
  663 1002 1003
  664 1004 1005
  665 1006 1007
  666 1008
  667 1009 1010
  668 1011
  669 1012 1013
  670 1014 1015
  671 1016
  672 1017 196
  673 1018
  674 1019
  675 1020 1021
  676 1022 1023
  677 1024 1025
  678 1026 1027
  679 1028 1029 935
  680 1030 942
TIME_AVAIL_SECTION
  1 1
  2 1
  3 1
  4 1
  5 1
  6 1
  7 1
  8 1
  9 1
  10 1
  11 1
  12 1
  13 1
  14 1
  15 1
  16 1
  17 1
  18 1
  19 1
  20 1
  21 1
  22 1
  23 1
  24 1
  25 1
  26 1
  27 1
  28 1
  29 1
  30 1
  31 1
  32 1
  33 1
  34 1
  35 1
  36 1
  37 1
  38 1
  39 1
  40 1
  41 1
  42 1
  43 1
  44 1
  45 1
  46 1
  47 1
  48 1
  49 1
  50 1
  51 1
  52 1
  53 1
  54 1
  55 1
  56 1
  57 1
  58 1
  59 1
  60 1
  61 1
  62 1
  63 1
  64 1
  65 1
  66 1
  67 1
  68 1
  69 1
  70 1
  71 1
  72 1
  73 1
  74 1
  75 1
  76 1
  77 1
  78 1
  79 1
  80 1
  81 1
  82 1
  83 1
  84 1
  85 1
  86 1
  87 1
  88 1
  89 1
  90 1
  91 1
  92 1
  93 1
  94 1
  95 1
  96 1
  97 1
  98 1
  99 1
  100 1
  101 1
  102 1
  103 1
  104 1
  105 1
  106 1
  107 1
  108 1
  109 1
  110 1
  111 1
  112 1
  113 1
  114 1
  115 1
  116 1
  117 1
  118 1
  119 1
  120 1
  121 1
  122 1
  123 1
  124 1
  125 1
  126 1
  127 1
  128 1
  129 1
  130 1
  131 1
  132 1
  133 1
  134 1
  135 1
  136 1
  137 1
  138 1
  139 1
  140 1
  141 1
  142 1
  143 1
  144 1
  145 1
  146 1
  147 1
  148 1
  149 1
  150 1
  151 1
  152 1
  153 1
  154 1
  155 1
  156 1
  157 1
  158 1
  159 1
  160 1
  161 1
  162 1
  163 1
  164 1
  165 1
  166 1
  167 1
  168 1
  169 1
  170 1
  171 1
  172 1
  173 1
  174 1
  175 1
  176 1
  177 1
  178 1
  179 1
  180 1
  181 1
  182 1
  183 1
  184 1
  185 1
  186 1
  187 1
  188 1
  189 1
  190 1
  191 1
  192 1
  193 1
  194 1
  195 1
  196 1
  197 1
  198 1
  199 1
  200 1
  201 1
  202 1
  203 1
  204 1
  205 1
  206 1
  207 1
  208 1
  209 1
  210 1
  211 1
  212 1
  213 1
  214 1
  215 1
  216 1
  217 1
  218 1
  219 1
  220 1
  221 1
  222 1
  223 1
  224 1
  225 1
  226 1
  227 1
  228 1
  229 1
  230 1
  231 1
  232 1
  233 1
  234 1
  235 1
  236 1
  237 1
  238 1
  239 1
  240 1
  241 1
  242 1
  243 1
  244 1
  245 1
  246 1
  247 1
  248 1
  249 1
  250 1
  251 1
  252 1
  253 1
  254 1
  255 1
  256 1
  257 1
  258 1
  259 1
  260 1
  261 1
  262 1
  263 1
  264 1
  265 1
  266 1
  267 1
  268 1
  269 1
  270 1
  271 1
  272 1
  273 1
  274 1
  275 1
  276 1
  277 1
  278 1
  279 1
  280 1
  281 1
  282 1
  283 1
  284 1
  285 1
  286 1
  287 1
  288 1
  289 1
  290 1
  291 1
  292 1
  293 1
  294 1
  295 1
  296 1
  297 1
  298 1
  299 1
  300 1
  301 1
  302 1
  303 1
  304 1
  305 1
  306 1
  307 1
  308 1
  309 1
  310 1
  311 1
  312 1
  313 1
  314 1
  315 1
  316 1
  317 1
  318 1
  319 1
  320 1
  321 1
  322 1
  323 1
  324 1
  325 1
  326 1
  327 1
  328 1
  329 1
  330 1
  331 1
  332 1
  333 1
  334 1
  335 1
  336 1
  337 1
  338 1
  339 1
  340 1
  341 1
  342 1
  343 1
  344 1
  345 1
  346 1
  347 1
  348 1
  349 1
  350 1
  351 1
  352 1
  353 1
  354 1
  355 1
  356 1
  357 1
  358 1
  359 1
  360 1
  361 1
  362 1
  363 1
  364 1
  365 1
  366 1
  367 1
  368 1
  369 1
  370 1
  371 1
  372 1
  373 1
  374 1
  375 1
  376 1
  377 1
  378 1
  379 1
  380 1
  381 1
  382 1
  383 1
  384 1
  385 1
  386 1
  387 1
  388 1
  389 1
  390 1
  391 1
  392 1
  393 1
  394 1
  395 1
  396 1
  397 1
  398 1
  399 1
  400 1
  401 1
  402 1
  403 1
  404 1
  405 1
  406 1
  407 1
  408 1
  409 1
  410 1
  411 1
  412 1
  413 1
  414 1
  415 1
  416 1
  417 1
  418 1
  419 1
  420 1
  421 1
  422 1
  423 1
  424 1
  425 1
  426 1
  427 1
  428 1
  429 1
  430 1
  431 1
  432 1
  433 1
  434 1
  435 1
  436 1
  437 1
  438 1
  439 1
  440 1
  441 1
  442 1
  443 1
  444 1
  445 1
  446 1
  447 1
  448 1
  449 1
  450 1
  451 1
  452 1
  453 1
  454 1
  455 1
  456 1
  457 1
  458 1
  459 1
  460 1
  461 1
  462 1
  463 1
  464 1
  465 1
  466 1
  467 1
  468 1
  469 1
  470 1
  471 1
  472 1
  473 1
  474 1
  475 1
  476 1
  477 1
  478 1
  479 1
  480 1
  481 1
  482 1
  483 1
  484 1
  485 1
  486 1
  487 1
  488 1
  489 1
  490 1
  491 1
  492 1
  493 1
  494 1
  495 1
  496 1
  497 1
  498 1
  499 1
  500 1
  501 1
  502 1
  503 1
  504 1
  505 1
  506 1
  507 1
  508 1
  509 1
  510 1
  511 1
  512 1
  513 1
  514 1
  515 1
  516 1
  517 1
  518 1
  519 1
  520 1
  521 1
  522 1
  523 1
  524 1
  525 1
  526 1
  527 1
  528 1
  529 1
  530 1
  531 1
  532 1
  533 1
  534 1
  535 1
  536 1
  537 1
  538 1
  539 1
  540 1
  541 1
  542 1
  543 1
  544 1
  545 1
  546 1
  547 1
  548 1
  549 1
  550 1
  551 1
  552 1
  553 1
  554 1
  555 1
  556 1
  557 1
  558 1
  559 1
  560 1
  561 1
  562 1
  563 1
  564 1
  565 1
  566 1
  567 1
  568 1
  569 1
  570 1
  571 1
  572 1
  573 1
  574 1
  575 1
  576 1
  577 1
  578 1
  579 1
  580 1
  581 1
  582 1
  583 1
  584 1
  585 1
  586 1
  587 1
  588 1
  589 1
  590 1
  591 1
  592 1
  593 1
  594 1
  595 1
  596 1
  597 1
  598 1
  599 1
  600 1
  601 1
  602 1
  603 1
  604 1
  605 1
  606 1
  607 1
  608 1
  609 1
  610 1
  611 1
  612 1
  613 1
  614 1
  615 1
  616 1
  617 1
  618 1
  619 1
  620 1
  621 1
  622 1
  623 1
  624 1
  625 1
  626 1
  627 1
  628 1
  629 1
  630 1
  631 1
  632 1
  633 1
  634 1
  635 1
  636 1
  637 1
  638 1
  639 1
  640 1
  641 1
  642 1
  643 1
  644 1
  645 1
  646 1
  647 1
  648 1
  649 1
  650 1
  651 1
  652 1
  653 1
  654 1
  655 1
  656 1
  657 1
  658 1
  659 1
  660 1
  661 1
  662 1
  663 1
  664 1
  665 1
  666 1
  667 1
  668 1
  669 1
  670 1
  671 1
  672 1
  673 1
  674 1
  675 1
  676 1
  677 1
  678 1
  679 1
  680 1
EOF
