VRPTEST 1.0
COMMENT: descr: Modified tsplib for the OBP
COMMENT: Best known objective: 3941.82
COMMENT: Computational time (s): 139.374988
NAME: c720_de56
NUM_CAPACITIES: 1
NUM_VISITS: 720
NUM_VEHICLES: 16
CAPACITIES: 29
DATA_SECTION
DEPOTS
  0
  1
VISIT_LOCATION_SECTION
  2 1786
  3 1702
  4 1546
  5 196
  6 1534
  7 1108
  8 1355
  9 34
  10 281
  11 1280
  12 2053
  13 264
  14 1939
  15 1779
  16 1490
  17 90
  18 935
  19 349
  20 4
  21 378
  22 1699
  23 1561
  24 369
  25 887
  26 984
  27 1094
  28 1190
  29 1614
  30 1992
  31 551
  32 630
  33 171
  34 1883
  35 2154
  36 1138
  37 745
  38 373
  39 1193
  40 463
  41 1453
  42 1590
  43 2083
  44 73
  45 678
  46 340
  47 1425
  48 1161
  49 955
  50 182
  51 1367
  52 1897
  53 1548
  54 602
  55 2103
  56 2048
  57 1426
  58 1104
  59 1012
  60 1726
  61 734
  62 649
  63 1417
  64 756
  65 495
  66 81
  67 496
  68 383
  69 2095
  70 1310
  71 1832
  72 38
  73 1424
  74 94
  75 1212
  76 1004
  77 1833
  78 851
  79 900
  80 999
  81 913
  82 1422
  83 671
  84 619
  85 947
  86 195
  87 1303
  88 2136
  89 1470
  90 905
  91 275
  92 1373
  93 1080
  94 1564
  95 435
  96 22
  97 1840
  98 405
  99 74
  100 2060
  101 1119
  102 646
  103 460
  104 1571
  105 1804
  106 2064
  107 2091
  108 865
  109 415
  110 29
  111 1141
  112 1595
  113 1048
  114 861
  115 1856
  116 265
  117 608
  118 234
  119 720
  120 502
  121 970
  122 1666
  123 1673
  124 1878
  125 512
  126 1585
  127 697
  128 137
  129 446
  130 2036
  131 119
  132 160
  133 1501
  134 923
  135 316
  136 96
  137 128
  138 484
  139 1471
  140 1386
  141 469
  142 48
  143 1887
  144 1341
  145 1852
  146 1399
  147 632
  148 1441
  149 944
  150 1704
  151 840
  152 1414
  153 2116
  154 224
  155 2013
  156 1497
  157 1830
  158 280
  159 233
  160 1380
  161 1201
  162 1037
  163 1588
  164 1245
  165 1420
  166 694
  167 24
  168 342
  169 426
  170 1768
  171 687
  172 1282
  173 1710
  174 2072
  175 1484
  176 1899
  177 1823
  178 1668
  179 751
  180 253
  181 1651
  182 2028
  183 992
  184 126
  185 2164
  186 84
  187 1579
  188 1512
  189 83
  190 1223
  191 64
  192 1843
  193 1241
  194 948
  195 386
  196 652
  197 797
  198 1487
  199 1134
  200 181
  201 401
  202 867
  203 251
  204 439
  205 1565
  206 606
  207 1975
  208 1583
  209 2146
  210 1098
  211 1499
  212 1672
  213 157
  214 894
  215 1379
  216 868
  217 381
  218 1740
  219 2098
  220 1314
  221 127
  222 1850
  223 1608
  224 711
  225 1519
  226 1454
  227 1785
  228 1772
  229 1120
  230 1189
  231 1278
  232 2018
  233 1739
  234 1948
  235 1903
  236 194
  237 43
  238 1064
  239 890
  240 292
  241 2007
  242 1474
  243 782
  244 2023
  245 770
  246 1820
  247 429
  248 588
  249 559
  250 1584
  251 1055
  252 1783
  253 1227
  254 721
  255 2134
  256 1273
  257 485
  258 611
  259 1218
  260 1359
  261 407
  262 869
  263 1662
  264 940
  265 882
  266 1366
  267 776
  268 594
  269 1030
  270 338
  271 1446
  272 282
  273 573
  274 526
  275 71
  276 1455
  277 1539
  278 1748
  279 842
  280 1139
  281 1853
  282 202
  283 347
  284 843
  285 105
  286 532
  287 700
  288 422
  289 1197
  290 1596
  291 977
  292 1688
  293 932
  294 1591
  295 683
  296 1763
  297 1239
  298 1248
  299 921
  300 1224
  301 198
  302 59
  303 1231
  304 1513
  305 644
  306 896
  307 1146
  308 1400
  309 346
  310 1707
  311 135
  312 50
  313 1059
  314 1388
  315 1374
  316 148
  317 1150
  318 1679
  319 1698
  320 1151
  321 13
  322 536
  323 1937
  324 1333
  325 544
  326 139
  327 279
  328 1483
  329 622
  330 638
  331 1324
  332 2080
  333 270
  334 1549
  335 1302
  336 1269
  337 1551
  338 1873
  339 337
  340 691
  341 1891
  342 77
  343 211
  344 1364
  345 990
  346 1332
  347 1533
  348 1198
  349 857
  350 1371
  351 100
  352 1835
  353 1491
  354 1553
  355 1086
  356 1294
  357 1503
  358 1529
  359 1007
  360 1980
  361 1711
  362 1858
  363 146
  364 1918
  365 2160
  366 592
  367 1866
  368 929
  369 1563
  370 1010
  371 685
  372 962
  373 1713
  374 1439
  375 1967
  376 1656
  377 116
  378 1951
  379 1255
  380 705
  381 1966
  382 1066
  383 1200
  384 1658
  385 1242
  386 1196
  387 1298
  388 1630
  389 1821
  390 1205
  391 1221
  392 98
  393 844
  394 871
  395 483
  396 311
  397 1778
  398 820
  399 1986
  400 1693
  401 1334
  402 1112
  403 107
  404 995
  405 2034
  406 1145
  407 761
  408 220
  409 1391
  410 1238
  411 431
  412 2008
  413 1320
  414 21
  415 304
  416 1361
  417 437
  418 1219
  419 1752
  420 352
  421 1229
  422 976
  423 1323
  424 2067
  425 1275
  426 1054
  427 1013
  428 1102
  429 1994
  430 277
  431 1001
  432 320
  433 613
  434 819
  435 1351
  436 1020
  437 1376
  438 2135
  439 807
  440 603
  441 773
  442 471
  443 1841
  444 461
  445 131
  446 1406
  447 1963
  448 1794
  449 1180
  450 1154
  451 1507
  452 1078
  453 1432
  454 534
  455 2115
  456 1675
  457 1709
  458 1911
  459 1342
  460 1228
  461 419
  462 597
  463 612
  464 641
  465 1619
  466 918
  467 315
  468 372
  469 1327
  470 364
  471 1016
  472 1552
  473 1157
  474 829
  475 1251
  476 1152
  477 1510
  478 2039
  479 1318
  480 972
  481 785
  482 1793
  483 531
  484 733
  485 142
  486 1828
  487 787
  488 590
  489 1397
  490 1635
  491 362
  492 358
  493 991
  494 2127
  495 1671
  496 848
  497 1287
  498 1922
  499 1949
  500 1725
  501 430
  502 2065
  503 121
  504 684
  505 821
  506 1541
  507 600
  508 1990
  509 494
  510 451
  511 1680
  512 1831
  513 981
  514 1538
  515 421
  516 197
  517 1926
  518 971
  519 1526
  520 31
  521 547
  522 1429
  523 1187
  524 789
  525 442
  526 1896
  527 767
  528 1169
  529 1407
  530 493
  531 1818
  532 1415
  533 1646
  534 335
  535 1642
  536 416
  537 892
  538 778
  539 1609
  540 1904
  541 1817
  542 1091
  543 817
  544 406
  545 925
  546 33
  547 308
  548 774
  549 1002
  550 1639
  551 1307
  552 1977
  553 1577
  554 1186
  555 1894
  556 1271
  557 1249
  558 744
  559 228
  560 353
  561 1089
  562 1530
  563 1845
  564 1317
  565 134
  566 1195
  567 1780
  568 152
  569 2123
  570 1670
  571 738
  572 775
  573 382
  574 1328
  575 1547
  576 2089
  577 1908
  578 1210
  579 232
  580 1927
  581 1472
  582 151
  583 570
  584 479
  585 561
  586 186
  587 219
  588 538
  589 654
  590 218
  591 2119
  592 986
  593 853
  594 102
  595 2109
  596 1871
  597 1724
  598 1729
  599 1211
  600 841
  601 1664
  602 614
  603 1117
  604 1052
  605 670
  606 113
  607 1955
  608 859
  609 1149
  610 324
  611 830
  612 959
  613 1393
  614 754
  615 883
  616 2147
  617 662
  618 63
  619 174
  620 2101
  621 1087
  622 1431
  623 1582
  624 1452
  625 2029
  626 1888
  627 919
  628 675
  629 1383
  630 1378
  631 7
  632 1537
  633 681
  634 583
  635 783
  636 1274
  637 223
  638 1412
  639 205
  640 1346
  641 1220
  642 1705
  643 294
  644 1244
  645 1291
  646 880
  647 669
  648 185
  649 1402
  650 1915
  651 1976
  652 1753
  653 814
  654 88
  655 1312
  656 627
  657 1142
  658 1514
  659 10
  660 120
  661 314
  662 1235
  663 267
  664 1600
  665 1683
  666 175
  667 473
COMMENT: TIMESTEP: 1
ORDERS_SECTION
  1 2
  2 3
  3 4
  4 5 6
  5 7
  6 8 364
  7 9
  8 10
  9 11
  10 12 13
  11 14 340
  12 15 16 633
  13 17
  14 18 19
  15 20
  16 21 22 541
  17 23 24
  18 25 26
  19 27
  20 28 29
  21 30 31
  22 32 33
  23 34 35
  24 36 37
  25 38
  26 39
  27 40
  28 41 42 563
  29 43 44
  30 45
  31 46
  32 47
  33 48
  34 49 50
  35 51
  36 52
  37 53
  38 54
  39 55 56
  40 57
  41 58 59
  42 60
  43 61 62
  44 63
  45 64 65
  46 66
  47 67 68
  48 69
  49 70
  50 71 72
  51 73
  52 74 235
  53 75 76 454
  54 77
  55 78 79
  56 80 81
  57 82
  58 83 84
  59 85
  60 86 87
  61 88 89
  62 90 91
  63 92 93
  64 94
  65 95
  66 96 97
  67 98
  68 99 100
  69 101 102
  70 103 104
  71 105
  72 106
  73 107 108
  74 109
  75 110
  76 111
  77 112 113
  78 114 115
  79 116 117
  80 118
  81 119
  82 120 121
  83 122
  84 123 124
  85 125
  86 126 127
  87 128 129
  88 130 131
  89 132 133 164
  90 134 135
  91 136 137
  92 138 139 365
  93 140 141
  94 142 143
  95 144
  96 145 146
  97 147 148
  98 149
  99 150
  100 151 152
  101 153
  102 154
  103 155
  104 156
  105 157
  106 158 159
  107 160 161
  108 162 163
  109 164 165
  110 166 167
  111 168 169
  112 170
  113 171
  114 172
  115 173 174
  116 175 176
  117 177 178
  118 179
  119 180 181
  120 182 183
  121 184 185
  122 186 187
  123 188
  124 189
  125 190 191
  126 192 399
  127 193 194 2
  128 195
  129 196 197
  130 198 199
  131 200
  132 201 202
  133 203 204
  134 205 206
  135 207 208
  136 209 210
  137 211
  138 212 213
  139 214
  140 215 216
  141 217 218
  142 219 220
  143 221 222
  144 223 224
  145 225
  146 226
  147 227
  148 228 229 536
  149 230 231
  150 232 233 98
  151 234
  152 235
  153 236 237
  154 238 239
  155 240 241
  156 242 243 84
  157 244 245
  158 246 247
  159 248 34
  160 249
  161 250 251
  162 252
  163 253 254
  164 255
  165 256
  166 257 258 552
  167 259 260
  168 261 262 327
  169 263
  170 264 265
  171 266 267
  172 268 269
  173 270 271
  174 272
  175 273 274
  176 275 276
  177 277 278
  178 279
  179 280 281
  180 282 283
  181 284 285
  182 286 287
  183 288
  184 289 290 281
  185 291 292
  186 293
  187 294
  188 295 296
  189 297 298
  190 299 300
  191 301
  192 302
  193 303
  194 304
  195 305
  196 306
  197 307
  198 308 309
  199 310 311
  200 312
  201 313
  202 314
  203 315
  204 316
  205 317 318
  206 319
  207 320 321 273
  208 322 323
  209 324
  210 325
  211 326 327
  212 328
  213 329 330
  214 331 332
  215 333 334
  216 335 336
  217 337
  218 338
  219 339
  220 340
  221 341 342
  222 343 27
  223 344 345
  224 346 347
  225 348 349
  226 350
  227 351 352 536
  228 353
  229 354 355 30
  230 356
  231 357
  232 358 359
  233 360 361
  234 362
  235 363
  236 364
  237 365 366
  238 367
  239 368
  240 369 370
  241 371 372
  242 373 571
  243 374
  244 375
  245 376 462
  246 377
  247 378 379
  248 380
  249 381 382
  250 383 384
  251 385 386
  252 387 388
  253 389 374 343
  254 390
  255 391 392
  256 393
  257 394 395
  258 396 397
  259 398
  260 399
  261 400 401
  262 402
  263 403
  264 404
  265 405
  266 406
  267 407
  268 408
  269 409 572
  270 410
  271 411
  272 412 413
  273 414 630
  274 415
  275 416
  276 417
  277 418 419
  278 420
  279 421 422
  280 423 424
  281 425 426
  282 427
  283 428 429
  284 430 431
  285 432
  286 433
  287 434 435
  288 436
  289 437 438
  290 439 440
  291 441 442
  292 443
  293 444
  294 445
  295 446 447
  296 448
  297 449 450
  298 451
  299 452
  300 453
  301 454
  302 455
  303 456 457
  304 458 459
  305 460
  306 461 462
  307 463
  308 464
  309 465 466
  310 467 186
  311 468
  312 469
  313 470
  314 471
  315 472
  316 473
  317 474 475
  318 476
  319 477
  320 478 479 332
  321 480 481
  322 482
  323 483 484 400
  324 485
  325 486 487
  326 488 302
  327 489 490
  328 491 492
  329 493 494
  330 495
  331 496 497
  332 498 499
  333 500 501 546
  334 502
  335 503
  336 504
  337 505
  338 506
  339 507 508
  340 509 319
  341 510 511
  342 512 513 646
  343 514
  344 515
  345 516 517
  346 518
  347 519
  348 520 521
  349 522 523
  350 524
  351 525 526 309
  352 527
  353 528 529
  354 530 390
  355 531
  356 532
  357 533 534
  358 535 536
  359 537 538 211
  360 539 292
  361 540 541
  362 542 543
  363 544 545
  364 546 547
  365 548
  366 549 541
  367 550 551
  368 552
  369 553 554
  370 555
  371 556
  372 557
  373 558
  374 559 560
  375 561 562
  376 563 600
  377 564 565 105
  378 566 567
  379 568
  380 569 570
  381 571
  382 572
  383 573 574
  384 575 576
  385 577
  386 578 579
  387 580 581
  388 582
  389 583 584
  390 585 586
  391 587 588
  392 589 590
  393 591
  394 592 593
  395 594 595
  396 596 597
  397 598
  398 599
  399 600 601
  400 602
  401 603 604 324
  402 605 606
  403 607
  404 608 609 530
  405 610 481
  406 611 612
  407 613 536
  408 614 615
  409 616 617
  410 618
  411 619
  412 620 621
  413 622 623
  414 624 625
  415 626 627 191
  416 628 93 416
  417 629 630
  418 631 632
  419 633 488
  420 634 635
  421 636 430
  422 637
  423 638 639
  424 640 641
  425 642
  426 643
  427 644 645
  428 646
  429 647
  430 648
  431 649 650
  432 651 652
  433 653
  434 654 655 530
  435 656
  436 657
  437 658
  438 659 660
  439 661 217
  440 662
  441 663 659
  442 664 665
  443 666 667
TIME_AVAIL_SECTION
  1 1
  2 1
  3 1
  4 1
  5 1
  6 1
  7 1
  8 1
  9 1
  10 1
  11 1
  12 1
  13 1
  14 1
  15 1
  16 1
  17 1
  18 1
  19 1
  20 1
  21 1
  22 1
  23 1
  24 1
  25 1
  26 1
  27 1
  28 1
  29 1
  30 1
  31 1
  32 1
  33 1
  34 1
  35 1
  36 1
  37 1
  38 1
  39 1
  40 1
  41 1
  42 1
  43 1
  44 1
  45 1
  46 1
  47 1
  48 1
  49 1
  50 1
  51 1
  52 1
  53 1
  54 1
  55 1
  56 1
  57 1
  58 1
  59 1
  60 1
  61 1
  62 1
  63 1
  64 1
  65 1
  66 1
  67 1
  68 1
  69 1
  70 1
  71 1
  72 1
  73 1
  74 1
  75 1
  76 1
  77 1
  78 1
  79 1
  80 1
  81 1
  82 1
  83 1
  84 1
  85 1
  86 1
  87 1
  88 1
  89 1
  90 1
  91 1
  92 1
  93 1
  94 1
  95 1
  96 1
  97 1
  98 1
  99 1
  100 1
  101 1
  102 1
  103 1
  104 1
  105 1
  106 1
  107 1
  108 1
  109 1
  110 1
  111 1
  112 1
  113 1
  114 1
  115 1
  116 1
  117 1
  118 1
  119 1
  120 1
  121 1
  122 1
  123 1
  124 1
  125 1
  126 1
  127 1
  128 1
  129 1
  130 1
  131 1
  132 1
  133 1
  134 1
  135 1
  136 1
  137 1
  138 1
  139 1
  140 1
  141 1
  142 1
  143 1
  144 1
  145 1
  146 1
  147 1
  148 1
  149 1
  150 1
  151 1
  152 1
  153 1
  154 1
  155 1
  156 1
  157 1
  158 1
  159 1
  160 1
  161 1
  162 1
  163 1
  164 1
  165 1
  166 1
  167 1
  168 1
  169 1
  170 1
  171 1
  172 1
  173 1
  174 1
  175 1
  176 1
  177 1
  178 1
  179 1
  180 1
  181 1
  182 1
  183 1
  184 1
  185 1
  186 1
  187 1
  188 1
  189 1
  190 1
  191 1
  192 1
  193 1
  194 1
  195 1
  196 1
  197 1
  198 1
  199 1
  200 1
  201 1
  202 1
  203 1
  204 1
  205 1
  206 1
  207 1
  208 1
  209 1
  210 1
  211 1
  212 1
  213 1
  214 1
  215 1
  216 1
  217 1
  218 1
  219 1
  220 1
  221 1
  222 1
  223 1
  224 1
  225 1
  226 1
  227 1
  228 1
  229 1
  230 1
  231 1
  232 1
  233 1
  234 1
  235 1
  236 1
  237 1
  238 1
  239 1
  240 1
  241 1
  242 1
  243 1
  244 1
  245 1
  246 1
  247 1
  248 1
  249 1
  250 1
  251 1
  252 1
  253 1
  254 1
  255 1
  256 1
  257 1
  258 1
  259 1
  260 1
  261 1
  262 1
  263 1
  264 1
  265 1
  266 1
  267 1
  268 1
  269 1
  270 1
  271 1
  272 1
  273 1
  274 1
  275 1
  276 1
  277 1
  278 1
  279 1
  280 1
  281 1
  282 1
  283 1
  284 1
  285 1
  286 1
  287 1
  288 1
  289 1
  290 1
  291 1
  292 1
  293 1
  294 1
  295 1
  296 1
  297 1
  298 1
  299 1
  300 1
  301 1
  302 1
  303 1
  304 1
  305 1
  306 1
  307 1
  308 1
  309 1
  310 1
  311 1
  312 1
  313 1
  314 1
  315 1
  316 1
  317 1
  318 1
  319 1
  320 1
  321 1
  322 1
  323 1
  324 1
  325 1
  326 1
  327 1
  328 1
  329 1
  330 1
  331 1
  332 1
  333 1
  334 1
  335 1
  336 1
  337 1
  338 1
  339 1
  340 1
  341 1
  342 1
  343 1
  344 1
  345 1
  346 1
  347 1
  348 1
  349 1
  350 1
  351 1
  352 1
  353 1
  354 1
  355 1
  356 1
  357 1
  358 1
  359 1
  360 1
  361 1
  362 1
  363 1
  364 1
  365 1
  366 1
  367 1
  368 1
  369 1
  370 1
  371 1
  372 1
  373 1
  374 1
  375 1
  376 1
  377 1
  378 1
  379 1
  380 1
  381 1
  382 1
  383 1
  384 1
  385 1
  386 1
  387 1
  388 1
  389 1
  390 1
  391 1
  392 1
  393 1
  394 1
  395 1
  396 1
  397 1
  398 1
  399 1
  400 1
  401 1
  402 1
  403 1
  404 1
  405 1
  406 1
  407 1
  408 1
  409 1
  410 1
  411 1
  412 1
  413 1
  414 1
  415 1
  416 1
  417 1
  418 1
  419 1
  420 1
  421 1
  422 1
  423 1
  424 1
  425 1
  426 1
  427 1
  428 1
  429 1
  430 1
  431 1
  432 1
  433 1
  434 1
  435 1
  436 1
  437 1
  438 1
  439 1
  440 1
  441 1
  442 1
  443 1
EOF
