VRPTEST 1.0
COMMENT: descr: Modified tsplib for the OBP
COMMENT: Best known objective: 11413.721
COMMENT: Computational time (s): 9737.496894999998
NAME: c1829_2f12
NUM_CAPACITIES: 1
NUM_VISITS: 1829
NUM_VEHICLES: 52
CAPACITIES: 17
DATA_SECTION
DEPOTS
  0
  1
VISIT_LOCATION_SECTION
  2 1305
  3 1220
  4 937
  5 1335
  6 1917
  7 903
  8 157
  9 469
  10 1384
  11 2082
  12 625
  13 210
  14 857
  15 1096
  16 709
  17 1686
  18 1339
  19 1633
  20 1117
  21 133
  22 1972
  23 827
  24 513
  25 2
  26 446
  27 1512
  28 1900
  29 1107
  30 1922
  31 1690
  32 243
  33 1000
  34 2032
  35 838
  36 1372
  37 631
  38 1296
  39 748
  40 111
  41 277
  42 66
  43 1249
  44 968
  45 988
  46 1980
  47 1651
  48 824
  49 1870
  50 219
  51 1490
  52 1805
  53 181
  54 205
  55 6
  56 212
  57 143
  58 1976
  59 846
  60 1168
  61 119
  62 1033
  63 2000
  64 278
  65 2046
  66 1347
  67 414
  68 534
  69 231
  70 978
  71 2072
  72 571
  73 774
  74 1413
  75 2119
  76 670
  77 1426
  78 1093
  79 238
  80 387
  81 875
  82 1494
  83 317
  84 1457
  85 1953
  86 1278
  87 1725
  88 1074
  89 93
  90 815
  91 1169
  92 1982
  93 979
  94 466
  95 1682
  96 223
  97 1306
  98 10
  99 423
  100 1207
  101 436
  102 151
  103 1989
  104 759
  105 1856
  106 1222
  107 1661
  108 88
  109 1965
  110 1351
  111 522
  112 858
  113 130
  114 162
  115 863
  116 1746
  117 1119
  118 1050
  119 1615
  120 1970
  121 496
  122 1431
  123 1736
  124 804
  125 1092
  126 1332
  127 1271
  128 1903
  129 1817
  130 1344
  131 1663
  132 2020
  133 1754
  134 1083
  135 1341
  136 1277
  137 202
  138 1886
  139 140
  140 2052
  141 1794
  142 2060
  143 1055
  144 1764
  145 726
  146 1890
  147 1894
  148 411
  149 680
  150 590
  151 658
  152 1300
  153 731
  154 25
  155 840
  156 1742
  157 1495
  158 37
  159 1052
  160 1969
  161 1609
  162 1432
  163 888
  164 542
  165 394
  166 668
  167 925
  168 1500
  169 1541
  170 225
  171 2011
  172 985
  173 1078
  174 52
  175 994
  176 661
  177 686
  178 1700
  179 665
  180 1995
  181 2102
  182 2018
  183 1460
  184 375
  185 820
  186 1157
  187 1333
  188 336
  189 138
  190 742
  191 1152
  192 204
  193 228
  194 1235
  195 1672
  196 717
  197 1657
  198 270
  199 379
  200 402
  201 23
  202 1039
  203 1835
  204 752
  205 1203
  206 930
  207 1977
  208 790
  209 1149
  210 106
  211 1848
  212 1504
  213 947
  214 292
  215 644
  216 806
  217 1679
  218 1828
  219 603
  220 117
  221 1472
  222 720
  223 1106
  224 1342
  225 1329
  226 706
  227 738
  228 1981
  229 65
  230 432
  231 1582
  232 428
  233 896
  234 146
  235 687
  236 1498
  237 249
  238 1562
  239 521
  240 1656
  241 2150
  242 1954
  243 1034
  244 666
  245 194
  246 1763
  247 1486
  248 2004
  249 463
  250 586
  251 1892
  252 1685
  253 635
  254 1800
  255 1501
  256 2095
  257 1627
  258 1865
  259 1200
  260 1429
  261 1983
  262 2109
  263 911
  264 1041
  265 1630
  266 1398
  267 2034
  268 2013
  269 550
  270 945
  271 103
  272 170
  273 1346
  274 1147
  275 1124
  276 454
  277 754
  278 1187
  279 917
  280 2015
  281 1251
  282 1130
  283 1992
  284 1313
  285 451
  286 142
  287 479
  288 1260
  289 976
  290 833
  291 1876
  292 1368
  293 1108
  294 1858
  295 809
  296 1280
  297 899
  298 1810
  299 1102
  300 1849
  301 1145
  302 940
  303 1694
  304 510
  305 163
  306 240
  307 42
  308 1491
  309 1662
  310 1189
  311 122
  312 1447
  313 681
  314 1913
  315 1790
  316 449
  317 1850
  318 415
  319 1355
  320 1090
  321 1487
  322 817
  323 529
  324 132
  325 835
  326 286
  327 1054
  328 1638
  329 678
  330 186
  331 995
  332 1063
  333 570
  334 448
  335 877
  336 1757
  337 1563
  338 2136
  339 1734
  340 408
  341 855
  342 523
  343 1446
  344 471
  345 1405
  346 2066
  347 1098
  348 1768
  349 870
  350 1893
  351 1927
  352 1476
  353 439
  354 1776
  355 1861
  356 765
  357 2055
  358 1350
  359 263
  360 1573
  361 1932
  362 2144
  363 501
  364 351
  365 1412
  366 1525
  367 1142
  368 1420
  369 297
  370 2090
  371 1477
  372 235
  373 72
  374 1532
  375 334
  376 1311
  377 613
  378 1911
  379 372
  380 1175
  381 1302
  382 252
  383 1247
  384 1095
  385 340
  386 2050
  387 74
  388 1914
  389 3
  390 507
  391 264
  392 2030
  393 129
  394 1789
  395 943
  396 1720
  397 124
  398 302
  399 1183
  400 1592
  401 1160
  402 1422
  403 536
  404 878
  405 929
  406 1436
  407 711
  408 938
  409 1728
  410 837
  411 1488
  412 313
  413 540
  414 419
  415 1371
  416 494
  417 1574
  418 473
  419 2061
  420 500
  421 1298
  422 1154
  423 309
  424 455
  425 2063
  426 1946
  427 420
  428 1747
  429 1321
  430 553
  431 1258
  432 548
  433 452
  434 2065
  435 2161
  436 2127
  437 688
  438 131
  439 1059
  440 1197
  441 443
  442 587
  443 1265
  444 694
  445 892
  446 2041
  447 2006
  448 485
  449 1419
  450 2165
  451 1688
  452 39
  453 251
  454 1933
  455 2073
  456 2008
  457 729
  458 735
  459 1571
  460 530
  461 36
  462 663
  463 1456
  464 642
  465 2070
  466 795
  467 2147
  468 229
  469 445
  470 1257
  471 440
  472 391
  473 57
  474 1325
  475 796
  476 1218
  477 1164
  478 797
  479 1545
  480 1792
  481 1473
  482 199
  483 761
  484 105
  485 941
  486 683
  487 1151
  488 1578
  489 1111
  490 1910
  491 71
  492 2143
  493 2134
  494 478
  495 2149
  496 356
  497 1550
  498 606
  499 1521
  500 2170
  501 45
  502 1367
  503 1404
  504 18
  505 831
  506 1505
  507 954
  508 1269
  509 1396
  510 1586
  511 2101
  512 512
  513 1381
  514 819
  515 1417
  516 906
  517 29
  518 2078
  519 710
  520 724
  521 1318
  522 1103
  523 416
  524 549
  525 1331
  526 182
  527 1146
  528 1549
  529 207
  530 1382
  531 418
  532 699
  533 484
  534 369
  535 1619
  536 145
  537 714
  538 1883
  539 1397
  540 300
  541 1202
  542 1499
  543 335
  544 1731
  545 153
  546 435
  547 1544
  548 1588
  549 1753
  550 303
  551 772
  552 1389
  553 1081
  554 1455
  555 2068
  556 2048
  557 646
  558 1611
  559 1771
  560 1558
  561 1328
  562 246
  563 1783
  564 1008
  565 1135
  566 509
  567 1779
  568 1526
  569 1952
  570 920
  571 236
  572 655
  573 77
  574 2059
  575 1741
  576 2120
  577 657
  578 990
  579 716
  580 693
  581 864
  582 44
  583 1322
  584 904
  585 1286
  586 1797
  587 1769
  588 281
  589 839
  590 739
  591 1888
  592 271
  593 573
  594 1370
  595 741
  596 301
  597 232
  598 1666
  599 746
  600 192
  601 1291
  602 1762
  603 997
  604 2038
  605 1943
  606 611
  607 1579
  608 1629
  609 1211
  610 406
  611 486
  612 617
  613 866
  614 1862
  615 1626
  616 852
  617 1082
  618 851
  619 2141
  620 282
  621 832
  622 773
  623 2035
  624 1820
  625 89
  626 121
  627 1466
  628 2029
  629 242
  630 1923
  631 1324
  632 50
  633 871
  634 648
  635 2159
  636 1974
  637 585
  638 1167
  639 1337
  640 812
  641 577
  642 1726
  643 547
  644 2053
  645 1210
  646 775
  647 1708
  648 1180
  649 1094
  650 986
  651 2074
  652 476
  653 1173
  654 1002
  655 256
  656 981
  657 1821
  658 517
  659 349
  660 620
  661 576
  662 919
  663 912
  664 1868
  665 1338
  666 598
  667 101
  668 1639
  669 565
  670 689
  671 1252
  672 1831
  673 487
  674 2135
  675 708
  676 1832
  677 2131
  678 342
  679 1781
  680 966
  681 1464
  682 582
  683 1979
  684 972
  685 2043
  686 559
  687 1596
  688 319
  689 1670
  690 826
  691 1046
  692 1378
  693 671
  694 800
  695 2132
  696 640
  697 1539
  698 456
  699 7
  700 2117
  701 1387
  702 562
  703 1928
  704 1114
  705 1740
  706 306
  707 1854
  708 1537
  709 1985
  710 125
  711 1678
  712 1547
  713 123
  714 70
  715 948
  716 134
  717 1451
  718 1454
  719 1618
  720 239
  721 1565
  722 924
  723 1701
  724 627
  725 58
  726 2084
  727 433
  728 1312
  729 1334
  730 495
  731 1221
  732 2076
  733 1308
  734 564
  735 276
  736 964
  737 880
  738 1878
  739 770
  740 364
  741 1743
  742 1885
  743 102
  744 1514
  745 1871
  746 1158
  747 629
  748 2091
  749 2146
  750 2111
  751 1343
  752 802
  753 1967
  754 1259
  755 834
  756 1482
  757 1193
  758 1013
  759 1530
  760 560
  761 1084
  762 2137
  763 633
  764 350
  765 1425
  766 1999
  767 813
  768 645
  769 705
  770 2092
  771 2086
  772 841
  773 578
  774 1075
  775 460
  776 915
  777 949
  778 531
  779 307
  780 556
  781 127
  782 568
  783 397
  784 1703
  785 659
  786 2047
  787 1658
  788 90
  789 362
  790 1806
  791 1178
  792 2169
  793 604
  794 11
  795 1955
  796 363
  797 1377
  798 624
  799 189
  800 1132
  801 574
  802 782
  803 993
  804 338
  805 2115
  806 1138
  807 1205
  808 890
  809 1543
  810 1179
  811 1366
  812 1935
  813 1846
  814 913
  815 1474
  816 174
  817 1070
  818 1402
  819 1606
  820 960
  821 137
  822 922
  823 843
  824 1939
  825 365
  826 1669
  827 514
  828 923
  829 211
  830 2158
  831 1274
  832 2010
  833 1984
  834 867
  835 1780
  836 2118
  837 296
  838 983
  839 73
  840 1072
  841 791
  842 1035
  843 1616
  844 1379
  845 392
  846 2054
  847 1712
  848 259
  849 80
  850 1717
  851 308
  852 386
  853 2039
  854 1646
  855 1552
  856 1116
  857 48
  858 2012
  859 1327
  860 1730
  861 685
  862 1231
  863 24
  864 898
  865 764
  866 895
  867 499
  868 459
  869 1036
  870 719
  871 326
  872 1830
  873 1841
  874 1737
  875 461
  876 266
  877 1857
  878 1538
  879 1049
  880 253
  881 1358
  882 287
  883 561
  884 1129
  885 649
  886 1584
  887 84
  888 676
  889 1523
  890 856
  891 378
  892 667
  893 956
  894 1867
  895 1557
  896 437
  897 1244
  898 1174
  899 520
  900 1289
  901 1748
  902 630
  903 149
  904 1009
  905 1057
  906 1560
  907 2016
  908 873
  909 744
  910 395
  911 1276
  912 1640
  913 1336
  914 1695
  915 173
  916 2168
  917 1118
  918 470
  919 1546
  920 441
  921 1637
  922 444
  923 198
  924 1561
  925 59
  926 927
  927 1357
  928 1710
  929 801
  930 807
  931 660
  932 692
  933 1373
  934 1087
  935 63
  936 1245
  937 998
  938 9
  939 434
  940 1519
  941 17
  942 1636
  943 2085
  944 1406
  945 184
  946 2033
  947 27
  948 1971
  949 944
  950 691
  951 697
  952 544
  953 1510
  954 1760
  955 1004
  956 421
  957 1297
  958 2001
  959 2153
  960 1485
  961 1001
  962 974
  963 1481
  964 1386
  965 1270
  966 776
  967 341
  968 1905
  969 407
  970 1553
  971 632
  972 1826
  973 498
  974 1583
  975 1060
  976 935
  977 64
  978 1533
  979 1238
  980 176
  981 2077
  982 847
  983 805
  984 758
  985 2036
  986 905
  987 383
  988 1176
  989 1660
  990 1671
  991 265
  992 1755
  993 1949
  994 1864
  995 1938
  996 1424
  997 1884
  998 1786
  999 1484
  1000 1294
  1001 108
  1002 2160
  1003 191
  1004 136
  1005 100
  1006 1513
  1007 881
  1008 662
  1009 971
  1010 2154
  1011 1650
  1012 1847
  1013 1453
  1014 1948
  1015 1224
  1016 275
  1017 1188
  1018 1674
  1019 622
  1020 907
  1021 511
  1022 67
  1023 2069
  1024 1266
  1025 594
  1026 1877
  1027 1190
  1028 701
  1029 588
  1030 200
  1031 81
  1032 159
  1033 250
  1034 1478
  1035 230
  1036 652
  1037 647
  1038 1407
  1039 595
  1040 1962
  1041 458
  1042 1668
  1043 2130
  1044 1105
  1045 859
  1046 234
  1047 1462
  1048 1765
  1049 1924
  1050 171
  1051 572
  1052 1855
  1053 1391
  1054 4
  1055 1037
  1056 569
  1057 2081
  1058 970
  1059 299
  1060 1242
  1061 1233
  1062 68
  1063 700
  1064 1223
  1065 1603
  1066 92
  1067 1947
  1068 554
  1069 1330
  1070 94
  1071 2083
  1072 1177
  1073 1698
  1074 2133
  1075 1410
  1076 1458
  1077 1960
  1078 1721
  1079 346
  1080 1099
  1081 524
  1082 876
  1083 1217
  1084 1091
  1085 1990
  1086 918
  1087 430
  1088 811
  1089 829
  1090 293
  1091 353
  1092 417
  1093 492
  1094 1778
  1095 1975
  1096 457
  1097 1882
  1098 916
  1099 30
  1100 1250
  1101 2023
  1102 936
  1103 1788
  1104 1067
  1105 464
  1106 677
  1107 185
  1108 1784
  1109 1056
  1110 1643
  1111 1112
  1112 325
  1113 781
  1114 311
  1115 1435
  1116 1268
  1117 755
  1118 324
  1119 821
  1120 844
  1121 1791
  1122 1503
  1123 1243
  1124 1693
  1125 1122
  1126 1025
  1127 503
  1128 1292
  1129 579
  1130 1254
  1131 438
  1132 1364
  1133 1744
  1134 674
  1135 1285
  1136 2097
  1137 187
  1138 1275
  1139 288
  1140 786
  1141 1823
  1142 1904
  1143 2108
  1144 845
  1145 1595
  1146 15
  1147 1941
  1148 1400
  1149 1951
  1150 1689
  1151 1507
  1152 1945
  1153 1320
  1154 828
  1155 1978
  1156 1793
  1157 429
  1158 1897
  1159 1007
  1160 962
  1161 1219
  1162 1647
  1163 468
  1164 527
  1165 213
  1166 2075
  1167 2112
  1168 1016
  1169 1709
  1170 1838
  1171 1707
  1172 1732
  1173 1659
  1174 1042
  1175 583
  1176 241
  1177 1071
  1178 778
  1179 1048
  1180 2105
  1181 1267
  1182 965
  1183 1066
  1184 1279
  1185 323
  1186 2163
  1187 1816
  1188 1282
  1189 1986
  1190 1799
  1191 410
  1192 2026
  1193 505
  1194 1665
  1195 1394
  1196 868
  1197 641
  1198 1713
  1199 1795
  1200 158
  1201 304
  1202 290
  1203 602
  1204 584
  1205 737
  1206 1058
  1207 1711
  1208 650
  1209 237
  1210 1929
  1211 447
  1212 107
  1213 150
  1214 257
  1215 34
  1216 900
  1217 1750
  1218 1393
  1219 822
  1220 493
  1221 43
  1222 515
  1223 2079
  1224 1100
  1225 1907
  1226 1594
  1227 183
  1228 31
  1229 1184
  1230 86
  1231 2080
  1232 1891
  1233 1508
  1234 1315
  1235 2098
  1236 952
  1237 347
  1238 1534
  1239 161
  1240 792
  1241 1844
  1242 1471
  1243 551
  1244 135
  1245 1642
  1246 2121
  1247 2110
  1248 1942
  1249 175
  1250 1492
  1251 1577
  1252 401
  1253 1133
  1254 110
  1255 1172
  1256 1212
  1257 1704
  1258 766
  1259 1819
  1260 1702
  1261 327
  1262 2094
  1263 1959
  1264 354
  1265 1853
  1266 405
  1267 1926
  1268 1901
  1269 298
  1270 767
  1271 368
  1272 783
  1273 1088
  1274 1012
  1275 1705
  1276 2064
  1277 366
  1278 373
  1279 733
  1280 226
  1281 422
  1282 1600
  1283 1148
  1284 1921
  1285 961
  1286 1644
  1287 2002
  1288 830
  1289 1360
  1290 1497
  1291 1680
  1292 1585
  1293 316
  1294 793
  1295 2138
  1296 1361
  1297 999
  1298 1352
  1299 33
  1300 1448
  1301 894
  1302 2007
  1303 1991
  1304 1010
  1305 2058
  1306 1020
  1307 1818
  1308 1434
  1309 209
  1310 393
  1311 352
  1312 887
  1313 1283
  1314 2087
  1315 245
  1316 1908
  1317 789
  1318 1635
  1319 1655
  1320 727
  1321 886
  1322 696
  1323 1139
  1324 1228
  1325 16
  1326 1649
  1327 1015
  1328 233
  1329 1556
  1330 1230
  1331 1208
  1332 1996
  1333 203
  1334 1766
  1335 1227
  1336 2096
  1337 675
  1338 639
  1339 581
  1340 1527
  1341 1388
  1342 2125
  1343 1216
  1344 1822
  1345 472
  1346 345
  1347 730
  1348 1192
  1349 390
  1350 1645
  1351 1653
  1352 597
  1353 996
  1354 116
  1355 1930
  1356 1625
  1357 1944
  1358 2071
  1359 2057
  1360 1843
  1361 734
  1362 139
  1363 1416
  1364 1089
  1365 1185
  1366 1316
  1367 1376
  1368 1143
  1369 1281
  1370 279
  1371 26
  1372 1699
  1373 465
  1374 1873
  1375 1317
  1376 148
  1377 1936
  1378 404
  1379 1209
  1380 1196
  1381 1104
  1382 215
  1383 818
  1384 1326
  1385 933
  1386 195
  1387 2162
  1388 1881
  1389 120
  1390 220
  1391 1825
  1392 599
  1393 1428
  1394 1262
  1395 269
  1396 2152
  1397 1470
  1398 1201
  1399 1915
  1400 1186
  1401 600
  1402 1718
  1403 382
  1404 1415
  1405 745
  1406 1150
  1407 909
  1408 977
  1409 1617
  1410 1161
  1411 214
  1412 967
  1413 1622
  1414 474
  1415 1380
  1416 374
  1417 425
  1418 1288
  1419 1602
  1420 607
  1421 160
  1422 1872
  1423 756
  1424 891
  1425 1023
  1426 294
  1427 957
  1428 1839
  1429 1675
  1430 2142
  1431 1631
  1432 83
  1433 1632
  1434 1614
  1435 1374
  1436 19
  1437 1931
  1438 41
  1439 609
  1440 2116
  1441 1804
  1442 2089
  1443 1899
  1444 779
  1445 380
  1446 1155
  1447 371
  1448 1569
  1449 538
  1450 882
  1451 47
  1452 218
  1453 1303
  1454 1229
  1455 928
  1456 169
  1457 2113
  1458 984
  1459 1664
  1460 1032
  1461 1295
  1462 360
  1463 552
  1464 1733
  1465 861
  1466 2157
  1467 798
  1468 1166
  1469 1598
  1470 1814
  1471 869
  1472 1966
  1473 673
  1474 1807
  1475 879
  1476 1517
  1477 558
  1478 1077
  1479 1085
  1480 328
  1481 1851
  1482 1808
  1483 1604
  1484 1994
  1485 227
  1486 1739
  1487 728
  1488 684
  1489 1272
  1490 1811
  1491 1963
  1492 601
  1493 747
  1494 1293
  1495 8
  1496 21
  1497 1369
  1498 1038
  1499 2028
  1500 2103
  1501 1053
  1502 1729
  1503 1423
  1504 1120
  1505 1069
  1506 2019
  1507 1480
  1508 1767
  1509 750
  1510 539
  1511 777
  1512 1079
  1513 193
  1514 743
  1515 975
  1516 1248
  1517 1239
  1518 1506
  1519 56
  1520 399
  1521 1237
  1522 825
  1523 1716
  1524 1195
  1525 1607
  1526 144
  1527 1801
  1528 1623
  1529 442
  1530 450
  1531 20
  1532 54
  1533 1677
  1534 893
  1535 1895
  1536 320
  1537 426
  1538 1459
  1539 1411
  1540 1524
  1541 1467
  1542 329
  1543 854
  1544 1086
  1545 1121
  1546 541
  1547 1554
  1548 1198
  1549 381
  1550 1833
  1551 1241
  1552 1961
  1553 2156
  1554 749
  1555 1612
  1556 1691
  1557 1752
  1558 331
  1559 1076
  1560 614
  1561 785
  1562 400
  1563 932
  1564 1353
  1565 2122
  1566 13
  1567 462
  1568 2009
  1569 592
  1570 104
  1571 1255
  1572 22
  1573 424
  1574 1156
  1575 260
  1576 1575
  1577 2056
  1578 1918
  1579 1774
  1580 2049
  1581 1756
  1582 1551
  1583 1003
  1584 488
  1585 2024
  1586 762
  1587 244
  1588 1676
  1589 736
  1590 1375
  1591 1439
  1592 634
  1593 1047
  1594 682
  1595 1896
  1596 760
  1597 1131
  1598 1863
  1599 690
  1600 1273
  1601 284
  1602 1912
  1603 1165
  1604 1724
  1605 1608
  1606 1837
  1607 1866
  1608 178
  1609 141
  1610 1738
  1611 99
  1612 787
  1613 1438
  1614 669
  1615 1109
  1616 1993
  1617 1673
  1618 1576
  1619 1191
  1620 1134
  1621 355
  1622 1061
  1623 1030
  1624 612
  1625 489
  1626 610
  1627 1226
  1628 959
  1629 768
  1630 96
  1631 1323
  1632 1356
  1633 1902
  1634 1113
  1635 526
  1636 1559
  1637 623
  1638 1815
  1639 98
  1640 1648
  1641 115
  1642 1468
  1643 1925
  1644 1045
  1645 698
  1646 637
  1647 567
  1648 942
  1649 580
  1650 1137
  1651 1834
  1652 842
  1653 1749
  1654 638
  1655 254
  1656 914
  1657 1613
  1658 332
  1659 196
  1660 272
  1661 1785
  1662 1452
  1663 1026
  1664 1068
  1665 357
  1666 1601
  1667 1589
  1668 348
  1669 35
  1670 506
  1671 1580
  1672 2145
  1673 1314
  1674 823
  1675 2107
  1676 112
  1677 361
  1678 396
  1679 1489
  1680 883
  1681 525
  1682 273
  1683 315
  1684 721
  1685 502
  1686 1777
  1687 992
  1688 267
  1689 543
  1690 1620
  1691 537
  1692 1852
  1693 2003
  1694 2062
  1695 431
  1696 596
  1697 1031
  1698 1840
  1699 1234
  1700 1064
  1701 1044
  1702 1399
  1703 1309
  1704 322
  1705 2014
  1706 704
  1707 1824
  1708 2088
  1709 128
  1710 850
  1711 664
  1712 1263
  1713 2139
  1714 1964
  1715 1390
  1716 385
  1717 619
  1718 1516
  1719 1621
  1720 1599
  1721 853
  1722 946
  1723 2045
  1724 872
  1725 113
  1726 491
  1727 1531
  1728 969
  1729 2164
  1730 1140
  1731 1719
  1732 262
  1733 32
  1734 1299
  1735 725
  1736 1798
  1737 1449
  1738 1919
  1739 2021
  1740 1345
  1741 46
  1742 1021
COMMENT: TIMESTEP: 1
ORDERS_SECTION
  1 2 3 4
  2 5 6
  3 7 8 9
  4 10
  5 11 12
  6 13 14 678
  7 15 16 17
  8 18 19 20
  9 21 22
  10 23
  11 24 25
  12 26 27 28
  13 29
  14 30
  15 31
  16 32 33 34
  17 35
  18 36
  19 37 38
  20 39 40 41
  21 42 43 44
  22 45
  23 46 47 48
  24 49
  25 50 51
  26 52 53
  27 54 55
  28 56
  29 57
  30 58
  31 59 60 61
  32 62 63 64
  33 65
  34 66 67 1208
  35 68 69
  36 70
  37 71 72 1237
  38 73 74
  39 75 76
  40 77
  41 78 79
  42 80 81 82
  43 83 84 1472
  44 85 86
  45 87 88 89
  46 90
  47 91
  48 92
  49 93 94
  50 95 96 97
  51 98 99 100
  52 101 102
  53 103
  54 104 105
  55 106 107
  56 108 109 110
  57 111
  58 112 113 114
  59 115 116
  60 117
  61 118 119 1633
  62 120 121 122
  63 123 124
  64 125
  65 126 127 128
  66 129 130
  67 131 132 133
  68 134 135 136
  69 137
  70 138 139 140
  71 141 142 143
  72 144 145
  73 146 147 148
  74 149 150 75
  75 151 152 153
  76 154 155 156
  77 157 158 159
  78 160 161 162
  79 163 164
  80 165 166
  81 167
  82 168
  83 169
  84 170 171 90
  85 172
  86 173 174 175
  87 176 177
  88 178
  89 179 180
  90 181 182 183
  91 184 185 186
  92 187 188 189 908
  93 190 191
  94 192
  95 193 194
  96 195
  97 196
  98 197 198
  99 199 200
  100 201 202
  101 203 204
  102 205
  103 206
  104 207 208 209
  105 210 557
  106 211
  107 212 213 214
  108 215 1548
  109 216 217 218
  110 219
  111 220 221 222
  112 223 224
  113 225
  114 226 227
  115 228 229
  116 230 231
  117 232 481
  118 233 234
  119 235
  120 236 237 238
  121 239
  122 240
  123 241 242
  124 243 244 1685
  125 245 246
  126 247 248 249
  127 250
  128 251 252
  129 253
  130 254
  131 255
  132 256 257 258
  133 259 260
  134 261 262 263
  135 264 265 266 245
  136 267 268 269
  137 270
  138 271
  139 272 273
  140 274 275
  141 276 277
  142 278 1049
  143 279 280 281
  144 282 283
  145 284
  146 285 286 287
  147 288 289
  148 290 291 292
  149 293
  150 294 295 296
  151 297 298 299
  152 300 301 302
  153 303
  154 304 305
  155 306
  156 307 308
  157 309
  158 310 311
  159 312 313 314
  160 315 316
  161 317 318
  162 319 320
  163 321
  164 322
  165 323
  166 324 325
  167 326 327 328
  168 329 330 331
  169 332
  170 333 334 335
  171 336 337
  172 338 339 340
  173 341 342 343
  174 344 345 346 503
  175 347 348 349
  176 350
  177 351 352 641
  178 353 354
  179 355 356 357
  180 358 359
  181 360 361 362
  182 363 364 1405
  183 365 366 807
  184 367 368 369 192
  185 370
  186 371
  187 372 373 374
  188 375
  189 376
  190 377 378 858
  191 379
  192 380 381 382
  193 383 384 385 1302
  194 386 387 388
  195 389
  196 390 391
  197 392 393 1229
  198 394 395
  199 396 397
  200 398 399 400
  201 401 402
  202 403 404 685
  203 405 406
  204 407
  205 408 409 410
  206 411 412
  207 413 414
  208 415 416 417
  209 418 419 420
  210 421 422 423
  211 424 425 426 1343
  212 427 428
  213 429 430 431
  214 432 433 434
  215 435 436 437
  216 438 439 567
  217 440 441 442
  218 443 444 445
  219 446
  220 447 448 449
  221 450
  222 451 452
  223 453 454 311
  224 455 456
  225 457
  226 458 459 460
  227 461 462 463
  228 464 465 466
  229 467 468
  230 469 470 471
  231 472
  232 473 474 475
  233 476 477
  234 478
  235 479
  236 480
  237 481 482 483 1386
  238 484 485
  239 486
  240 487
  241 488 489 490
  242 491 492 493 1269
  243 494
  244 495 496
  245 497 498
  246 499 500
  247 501
  248 502
  249 503
  250 504 505 506
  251 507
  252 508 509
  253 510 511 512
  254 513 514 515
  255 516 517 518
  256 519 520
  257 521 522 523
  258 524 525
  259 526
  260 527 528 529 161
  261 530
  262 531 532
  263 533 534
  264 535
  265 536 537
  266 538
  267 539 540
  268 541
  269 542
  270 543
  271 544
  272 545 546 547
  273 548 549 550 21
  274 551 552
  275 553 554 555
  276 556 557
  277 558
  278 559 560 561
  279 562 563 564
  280 565
  281 566 567 568
  282 569 570
  283 571
  284 572 573 574
  285 575 576
  286 577 578 579
  287 580 581 1374
  288 582 583 584
  289 585 586
  290 587 588
  291 589
  292 590 591
  293 592
  294 593 594 595
  295 596
  296 597 598
  297 599
  298 600 601
  299 602 603
  300 604 605
  301 606 1643
  302 607 608 609
  303 610
  304 611 612 613
  305 614
  306 615 948 371
  307 616 617 618
  308 619
  309 620 621 622
  310 623
  311 624 625 626
  312 627 628 629
  313 630 631
  314 632 633 634 814
  315 635 636 637
  316 638 639
  317 640
  318 641 642 643
  319 644
  320 645 646 647
  321 648 649
  322 650 651 652
  323 653
  324 654 655 656
  325 657
  326 658 659
  327 660 661
  328 662 663
  329 664 665
  330 666
  331 667 668
  332 669 670
  333 671 672
  334 673 674
  335 675 676 677
  336 678
  337 679 680
  338 681 682
  339 683 684 685
  340 686 687 688
  341 689 690 764
  342 691 692
  343 693
  344 694
  345 695 696 697
  346 698 699 700
  347 701 702 703
  348 704 705
  349 706 707 708
  350 709 710 711
  351 712
  352 713 714 715
  353 716 717 718
  354 719
  355 720
  356 721 722 436
  357 723 724 725 1426
  358 726
  359 727 728
  360 729 730 731
  361 732 733
  362 734 735 736
  363 737 738
  364 739 740 741
  365 742 743 744
  366 745 746 747
  367 748 749
  368 750
  369 751 251
  370 752 753 754
  371 755 756 757
  372 758 759 760
  373 761 762 763
  374 764 765
  375 766
  376 767
  377 768 769 770
  378 771 772 773 538
  379 774 775 776
  380 777 778 779
  381 780
  382 781
  383 782 783
  384 784 785 786
  385 787 788 789
  386 790 791
  387 792
  388 793 794 795
  389 796
  390 797 798 764
  391 799
  392 800
  393 801 802
  394 803
  395 804 805
  396 806 807
  397 808
  398 809 810
  399 811
  400 812 813
  401 814
  402 815 816
  403 817
  404 818 819
  405 820 821 822
  406 823
  407 824
  408 825
  409 826
  410 827
  411 828 829 830
  412 831
  413 832
  414 833 834 835
  415 836 837 838
  416 839 840
  417 841
  418 842 843 1257
  419 844 845 308
  420 846 847 848 1377
  421 849 850 851
  422 852 853
  423 854 855
  424 856 857
  425 858 1303
  426 859
  427 860 861 862
  428 863 864 865
  429 866
  430 867 868 869
  431 870
  432 871 872
  433 873 874
  434 875
  435 876 877
  436 878 879
  437 880 881 882
  438 883
  439 884 885
  440 886 887
  441 888 889 890
  442 891 892 893
  443 894 895
  444 896
  445 897
  446 898 899 900
  447 901
  448 902
  449 903 904 905
  450 906 907
  451 908 909
  452 910 911
  453 912 913 914
  454 915 916
  455 917 918 1539
  456 919 920 921
  457 922 923
  458 924
  459 925 926
  460 927 928 929
  461 930 931 932
  462 933
  463 934
  464 935 936
  465 937 938
  466 939 940 941
  467 942
  468 943
  469 944 471
  470 945
  471 946 947
  472 948
  473 949 950 951
  474 952
  475 953 954
  476 955 956 957
  477 958 959
  478 960 961 962
  479 963 1072
  480 964 965 966
  481 967
  482 968
  483 969
  484 970 971 972
  485 973
  486 974
  487 975
  488 976 977 978
  489 979
  490 980
  491 981
  492 982 983 984
  493 985
  494 986 987
  495 988 989 990 1253
  496 991 992
  497 993 994 646 961
  498 995 996 997
  499 998
  500 999 1000 1001
  501 1002
  502 1003
  503 1004 1005 1006
  504 1007
  505 1008 1009
  506 1010
  507 1011 1012
  508 1013 1014 1015
  509 1016 1017 1018 781
  510 1019 1020
  511 1021
  512 1022 1023
  513 1024
  514 1025 767
  515 1026 1027 1028
  516 1029 1030
  517 1031
  518 1032 1033 1034
  519 1035 1036
  520 1037
  521 1038 1039
  522 1040 1041 1042
  523 1043 1044
  524 1045 1046
  525 1047 1048 1049
  526 1050
  527 1051 1052 1053
  528 1054 1055 1056
  529 1057 1058
  530 1059 1060
  531 1061
  532 1062
  533 1063 1064 1065
  534 1066 1067
  535 1068 1069 1070
  536 1071 1072 1073
  537 1074
  538 1075
  539 1076
  540 1077 1078 1079
  541 1080 1081 66
  542 1082 1083 1084
  543 1085 1086 1087
  544 1088 480
  545 1089 1694
  546 1090
  547 1091
  548 1092 901
  549 1093 1094 1095
  550 1096 1097 1098
  551 1099 623 1091
  552 1100
  553 1101 1102 1103
  554 1104 1105
  555 1106
  556 1107
  557 1108
  558 1109 1110
  559 1111
  560 1112
  561 1113 1114
  562 1115
  563 1116 1117
  564 1118
  565 1119 1120
  566 1121
  567 1122 1123 1124
  568 1125 1126
  569 1127
  570 1128 1129
  571 1130 1131 1132
  572 1133 1134
  573 1135
  574 1136 1137
  575 1138
  576 1139 1140 1141
  577 1142 1143 1144
  578 1145 1146 1147
  579 1148
  580 1149 1150 1151
  581 1152 1153
  582 1154 1155
  583 1156
  584 1157
  585 1158
  586 1159 1160 1161
  587 1162 1163 1443
  588 1164 1165
  589 1166
  590 1167 1168
  591 1169 1170
  592 1171 1172 1173
  593 1174
  594 1175 1176 1508
  595 1177
  596 1178 1179 1180 1440
  597 1181 1182 1183
  598 1184 1185
  599 1186 1187
  600 1188 1189
  601 1190 1191
  602 1192
  603 1193
  604 1194 1195
  605 1196 1197 1198
  606 1199
  607 1200 1201
  608 1202 1203
  609 1204
  610 1205
  611 1206 1207
  612 1208
  613 1209 1210 1455
  614 1211 1212
  615 1213 1214
  616 1215 1216
  617 1217 1218 1219
  618 1220 1221 1222
  619 1223 1224 1225
  620 1226
  621 1227 1228
  622 1229 1230
  623 1231 1232
  624 1233 1234
  625 1235
  626 1236
  627 1237
  628 1238 1239 1240
  629 1241 1242
  630 1243
  631 1244 1245 1246
  632 1247 1248 1249
  633 1250 1251 1252
  634 1253 1254
  635 1255 1256
  636 1257
  637 1258
  638 1259 1260
  639 1261
  640 1262 1263 1264
  641 1265 1279
  642 1266 1267 1268
  643 1269 1270
  644 1271
  645 1272
  646 1273
  647 1274 1275
  648 1276 51
  649 1277 1278 1279
  650 1280
  651 1281
  652 1282
  653 1283 1284
  654 1285 1286
  655 1287 1288 1289
  656 1290 1291 1292
  657 1293
  658 1294 1295
  659 1296 1297
  660 1298 1299 1300
  661 1301
  662 1302 1303
  663 1304 1305 1306
  664 1307 1308 1309
  665 1310 1311
  666 1312 1313
  667 1314 1315 1316 1506
  668 1317
  669 1318 1319
  670 1320 1321
  671 1322 1323 1324
  672 1325 1326 1327
  673 1328 1329
  674 1330 1331 1332
  675 1333 1334
  676 1335 1336
  677 1337
  678 1338 1339
  679 1340 1341 1342
  680 1343 1344
  681 1345
  682 1346 1347 1348
  683 1349 1350 1351
  684 1352 1353 1354
  685 1355
  686 1356 1357
  687 1358 1359 1360
  688 1361 1362
  689 1363 412
  690 1364
  691 1365 1366 1367
  692 1368 1369
  693 1370
  694 1371 1372
  695 1373 1374 1375
  696 1376
  697 1377 1378 1379
  698 1380 1381 1382
  699 1383
  700 1384 1385 1386
  701 1387
  702 1388 1389
  703 1390 1391
  704 1392 1393 1394
  705 1395 366
  706 1396 1397 395
  707 1398 1399 923
  708 1400 1401 449
  709 1402
  710 1403 1404
  711 1405
  712 1406
  713 1407 1408
  714 1409 1410
  715 1411 1412
  716 1413 1414 1415
  717 1416
  718 1417 1418 1419
  719 1420 1421 1422
  720 1423 1424
  721 1425 1426
  722 1427 1428
  723 1429 1430 1431
  724 1432
  725 1433 1434 1435
  726 1436 1437 1438
  727 1439
  728 1440 1441
  729 1442
  730 1443 1444
  731 1445 1446 1447
  732 1448
  733 1449
  734 1450 1451 1452
  735 1453 1454
  736 1455 1456 814
  737 1457 1458 1459
  738 1460
  739 1461 1462 322
  740 1463 1464
  741 1465
  742 1466 1467 1468
  743 1469 1470
  744 1471 1472
  745 1473 1474 1475
  746 1476
  747 1477 1478
  748 1479
  749 1480
  750 1481 1482 1483 1135
  751 1484
  752 1485 1486
  753 1487 1488 1489
  754 1490 1491 1492
  755 1493 1494 1495
  756 1496
  757 1497
  758 1498 501
  759 1499 1500 1501
  760 1502 1503 1504 1338
  761 1505 1506
  762 1507 1508
  763 1509
  764 1510
  765 1511
  766 1512 1513
  767 1514 1515
  768 1516 1517 1518
  769 1519 1520 1521
  770 1522 1523 1524
  771 1525
  772 1526 1527
  773 1528 1529
  774 1530 1531 732
  775 1532
  776 1533 1534 1535
  777 1536 1537 1538
  778 1539
  779 1540 1541 1542
  780 1543 286
  781 1544 1545 1546
  782 1547 1548 1549 1106
  783 1550
  784 1551
  785 1552 1553 1554
  786 1555
  787 1556 1557
  788 1558 1559 1560
  789 1561 1562 1563
  790 1564
  791 1565 1566
  792 1567 1568 1569
  793 1570 1571
  794 1572
  795 1573
  796 1574 1575
  797 1576 1577
  798 1578 1579
  799 1580 1581 1582
  800 1583
  801 1584 1585 1586
  802 1587 1588 1589
  803 1590
  804 1591 1592
  805 1593
  806 1594
  807 1595 1596 1597
  808 1598 1599
  809 1600 1601 1602
  810 1603 1604 1605
  811 1606 1607
  812 1608 1609
  813 1610 1611
  814 1612 1613
  815 1614
  816 1615
  817 1616
  818 1617 1618 1619
  819 1620 1621 1622
  820 1623 1624 1625 638
  821 1626
  822 1627 1628 1629
  823 1630 1631
  824 1632
  825 1633
  826 1634 1635
  827 1636
  828 1637
  829 1638
  830 1639
  831 1640 1641 1642
  832 1643 1644 1645 631 1507
  833 1646
  834 1647 1648 1649
  835 1650 1651 1652
  836 1653 1654 1655
  837 1656 1657 1658
  838 1659 1660
  839 1661 1662
  840 1663 1664
  841 1665 1666
  842 1667 1668
  843 1669 1670 1671
  844 1672 1673 1674
  845 1675
  846 1676 1677
  847 1678 1679 1167
  848 1680
  849 1681 1682
  850 1683 1684 1685
  851 1686 1687 1688
  852 1689 1690
  853 1691
  854 1692
  855 1693 1694
  856 1695 1696 1697
  857 1698
  858 1699
  859 1700 1701
  860 1702 1703
  861 1704
  862 1705
  863 1706
  864 1707 1708
  865 1709 1710 1711
  866 1712 911
  867 1713 1714
  868 1715 1716 1479
  869 1717 1718
  870 1719 1720 1721 592
  871 1722 1723 1724
  872 1725 1726 1727
  873 1728
  874 1729 1730
  875 1731 567
  876 1732 1733
  877 1734 1735
  878 1736 616
  879 1737
  880 1738 1739
  881 1740 1741 1742
TIME_AVAIL_SECTION
  1 1
  2 1
  3 1
  4 1
  5 1
  6 1
  7 1
  8 1
  9 1
  10 1
  11 1
  12 1
  13 1
  14 1
  15 1
  16 1
  17 1
  18 1
  19 1
  20 1
  21 1
  22 1
  23 1
  24 1
  25 1
  26 1
  27 1
  28 1
  29 1
  30 1
  31 1
  32 1
  33 1
  34 1
  35 1
  36 1
  37 1
  38 1
  39 1
  40 1
  41 1
  42 1
  43 1
  44 1
  45 1
  46 1
  47 1
  48 1
  49 1
  50 1
  51 1
  52 1
  53 1
  54 1
  55 1
  56 1
  57 1
  58 1
  59 1
  60 1
  61 1
  62 1
  63 1
  64 1
  65 1
  66 1
  67 1
  68 1
  69 1
  70 1
  71 1
  72 1
  73 1
  74 1
  75 1
  76 1
  77 1
  78 1
  79 1
  80 1
  81 1
  82 1
  83 1
  84 1
  85 1
  86 1
  87 1
  88 1
  89 1
  90 1
  91 1
  92 1
  93 1
  94 1
  95 1
  96 1
  97 1
  98 1
  99 1
  100 1
  101 1
  102 1
  103 1
  104 1
  105 1
  106 1
  107 1
  108 1
  109 1
  110 1
  111 1
  112 1
  113 1
  114 1
  115 1
  116 1
  117 1
  118 1
  119 1
  120 1
  121 1
  122 1
  123 1
  124 1
  125 1
  126 1
  127 1
  128 1
  129 1
  130 1
  131 1
  132 1
  133 1
  134 1
  135 1
  136 1
  137 1
  138 1
  139 1
  140 1
  141 1
  142 1
  143 1
  144 1
  145 1
  146 1
  147 1
  148 1
  149 1
  150 1
  151 1
  152 1
  153 1
  154 1
  155 1
  156 1
  157 1
  158 1
  159 1
  160 1
  161 1
  162 1
  163 1
  164 1
  165 1
  166 1
  167 1
  168 1
  169 1
  170 1
  171 1
  172 1
  173 1
  174 1
  175 1
  176 1
  177 1
  178 1
  179 1
  180 1
  181 1
  182 1
  183 1
  184 1
  185 1
  186 1
  187 1
  188 1
  189 1
  190 1
  191 1
  192 1
  193 1
  194 1
  195 1
  196 1
  197 1
  198 1
  199 1
  200 1
  201 1
  202 1
  203 1
  204 1
  205 1
  206 1
  207 1
  208 1
  209 1
  210 1
  211 1
  212 1
  213 1
  214 1
  215 1
  216 1
  217 1
  218 1
  219 1
  220 1
  221 1
  222 1
  223 1
  224 1
  225 1
  226 1
  227 1
  228 1
  229 1
  230 1
  231 1
  232 1
  233 1
  234 1
  235 1
  236 1
  237 1
  238 1
  239 1
  240 1
  241 1
  242 1
  243 1
  244 1
  245 1
  246 1
  247 1
  248 1
  249 1
  250 1
  251 1
  252 1
  253 1
  254 1
  255 1
  256 1
  257 1
  258 1
  259 1
  260 1
  261 1
  262 1
  263 1
  264 1
  265 1
  266 1
  267 1
  268 1
  269 1
  270 1
  271 1
  272 1
  273 1
  274 1
  275 1
  276 1
  277 1
  278 1
  279 1
  280 1
  281 1
  282 1
  283 1
  284 1
  285 1
  286 1
  287 1
  288 1
  289 1
  290 1
  291 1
  292 1
  293 1
  294 1
  295 1
  296 1
  297 1
  298 1
  299 1
  300 1
  301 1
  302 1
  303 1
  304 1
  305 1
  306 1
  307 1
  308 1
  309 1
  310 1
  311 1
  312 1
  313 1
  314 1
  315 1
  316 1
  317 1
  318 1
  319 1
  320 1
  321 1
  322 1
  323 1
  324 1
  325 1
  326 1
  327 1
  328 1
  329 1
  330 1
  331 1
  332 1
  333 1
  334 1
  335 1
  336 1
  337 1
  338 1
  339 1
  340 1
  341 1
  342 1
  343 1
  344 1
  345 1
  346 1
  347 1
  348 1
  349 1
  350 1
  351 1
  352 1
  353 1
  354 1
  355 1
  356 1
  357 1
  358 1
  359 1
  360 1
  361 1
  362 1
  363 1
  364 1
  365 1
  366 1
  367 1
  368 1
  369 1
  370 1
  371 1
  372 1
  373 1
  374 1
  375 1
  376 1
  377 1
  378 1
  379 1
  380 1
  381 1
  382 1
  383 1
  384 1
  385 1
  386 1
  387 1
  388 1
  389 1
  390 1
  391 1
  392 1
  393 1
  394 1
  395 1
  396 1
  397 1
  398 1
  399 1
  400 1
  401 1
  402 1
  403 1
  404 1
  405 1
  406 1
  407 1
  408 1
  409 1
  410 1
  411 1
  412 1
  413 1
  414 1
  415 1
  416 1
  417 1
  418 1
  419 1
  420 1
  421 1
  422 1
  423 1
  424 1
  425 1
  426 1
  427 1
  428 1
  429 1
  430 1
  431 1
  432 1
  433 1
  434 1
  435 1
  436 1
  437 1
  438 1
  439 1
  440 1
  441 1
  442 1
  443 1
  444 1
  445 1
  446 1
  447 1
  448 1
  449 1
  450 1
  451 1
  452 1
  453 1
  454 1
  455 1
  456 1
  457 1
  458 1
  459 1
  460 1
  461 1
  462 1
  463 1
  464 1
  465 1
  466 1
  467 1
  468 1
  469 1
  470 1
  471 1
  472 1
  473 1
  474 1
  475 1
  476 1
  477 1
  478 1
  479 1
  480 1
  481 1
  482 1
  483 1
  484 1
  485 1
  486 1
  487 1
  488 1
  489 1
  490 1
  491 1
  492 1
  493 1
  494 1
  495 1
  496 1
  497 1
  498 1
  499 1
  500 1
  501 1
  502 1
  503 1
  504 1
  505 1
  506 1
  507 1
  508 1
  509 1
  510 1
  511 1
  512 1
  513 1
  514 1
  515 1
  516 1
  517 1
  518 1
  519 1
  520 1
  521 1
  522 1
  523 1
  524 1
  525 1
  526 1
  527 1
  528 1
  529 1
  530 1
  531 1
  532 1
  533 1
  534 1
  535 1
  536 1
  537 1
  538 1
  539 1
  540 1
  541 1
  542 1
  543 1
  544 1
  545 1
  546 1
  547 1
  548 1
  549 1
  550 1
  551 1
  552 1
  553 1
  554 1
  555 1
  556 1
  557 1
  558 1
  559 1
  560 1
  561 1
  562 1
  563 1
  564 1
  565 1
  566 1
  567 1
  568 1
  569 1
  570 1
  571 1
  572 1
  573 1
  574 1
  575 1
  576 1
  577 1
  578 1
  579 1
  580 1
  581 1
  582 1
  583 1
  584 1
  585 1
  586 1
  587 1
  588 1
  589 1
  590 1
  591 1
  592 1
  593 1
  594 1
  595 1
  596 1
  597 1
  598 1
  599 1
  600 1
  601 1
  602 1
  603 1
  604 1
  605 1
  606 1
  607 1
  608 1
  609 1
  610 1
  611 1
  612 1
  613 1
  614 1
  615 1
  616 1
  617 1
  618 1
  619 1
  620 1
  621 1
  622 1
  623 1
  624 1
  625 1
  626 1
  627 1
  628 1
  629 1
  630 1
  631 1
  632 1
  633 1
  634 1
  635 1
  636 1
  637 1
  638 1
  639 1
  640 1
  641 1
  642 1
  643 1
  644 1
  645 1
  646 1
  647 1
  648 1
  649 1
  650 1
  651 1
  652 1
  653 1
  654 1
  655 1
  656 1
  657 1
  658 1
  659 1
  660 1
  661 1
  662 1
  663 1
  664 1
  665 1
  666 1
  667 1
  668 1
  669 1
  670 1
  671 1
  672 1
  673 1
  674 1
  675 1
  676 1
  677 1
  678 1
  679 1
  680 1
  681 1
  682 1
  683 1
  684 1
  685 1
  686 1
  687 1
  688 1
  689 1
  690 1
  691 1
  692 1
  693 1
  694 1
  695 1
  696 1
  697 1
  698 1
  699 1
  700 1
  701 1
  702 1
  703 1
  704 1
  705 1
  706 1
  707 1
  708 1
  709 1
  710 1
  711 1
  712 1
  713 1
  714 1
  715 1
  716 1
  717 1
  718 1
  719 1
  720 1
  721 1
  722 1
  723 1
  724 1
  725 1
  726 1
  727 1
  728 1
  729 1
  730 1
  731 1
  732 1
  733 1
  734 1
  735 1
  736 1
  737 1
  738 1
  739 1
  740 1
  741 1
  742 1
  743 1
  744 1
  745 1
  746 1
  747 1
  748 1
  749 1
  750 1
  751 1
  752 1
  753 1
  754 1
  755 1
  756 1
  757 1
  758 1
  759 1
  760 1
  761 1
  762 1
  763 1
  764 1
  765 1
  766 1
  767 1
  768 1
  769 1
  770 1
  771 1
  772 1
  773 1
  774 1
  775 1
  776 1
  777 1
  778 1
  779 1
  780 1
  781 1
  782 1
  783 1
  784 1
  785 1
  786 1
  787 1
  788 1
  789 1
  790 1
  791 1
  792 1
  793 1
  794 1
  795 1
  796 1
  797 1
  798 1
  799 1
  800 1
  801 1
  802 1
  803 1
  804 1
  805 1
  806 1
  807 1
  808 1
  809 1
  810 1
  811 1
  812 1
  813 1
  814 1
  815 1
  816 1
  817 1
  818 1
  819 1
  820 1
  821 1
  822 1
  823 1
  824 1
  825 1
  826 1
  827 1
  828 1
  829 1
  830 1
  831 1
  832 1
  833 1
  834 1
  835 1
  836 1
  837 1
  838 1
  839 1
  840 1
  841 1
  842 1
  843 1
  844 1
  845 1
  846 1
  847 1
  848 1
  849 1
  850 1
  851 1
  852 1
  853 1
  854 1
  855 1
  856 1
  857 1
  858 1
  859 1
  860 1
  861 1
  862 1
  863 1
  864 1
  865 1
  866 1
  867 1
  868 1
  869 1
  870 1
  871 1
  872 1
  873 1
  874 1
  875 1
  876 1
  877 1
  878 1
  879 1
  880 1
  881 1
EOF
