VRPTEST 1.0
COMMENT: descr: Modified tsplib for the OBP
COMMENT: Best known objective: 9883.41
COMMENT: Computational time (s): 13053.709780000007
NAME: c1330_5022
NUM_CAPACITIES: 1
NUM_VISITS: 1330
NUM_VEHICLES: 49
CAPACITIES: 15
DATA_SECTION
DEPOTS
  0
  1
VISIT_LOCATION_SECTION
  2 219
  3 244
  4 1763
  5 2061
  6 861
  7 1186
  8 1426
  9 1816
  10 1795
  11 211
  12 434
  13 193
  14 415
  15 645
  16 488
  17 1966
  18 1310
  19 964
  20 1160
  21 824
  22 2055
  23 650
  24 1562
  25 2144
  26 2126
  27 1103
  28 1117
  29 131
  30 1152
  31 1548
  32 821
  33 36
  34 1268
  35 1498
  36 456
  37 1217
  38 2131
  39 1607
  40 804
  41 51
  42 840
  43 807
  44 829
  45 1398
  46 1222
  47 86
  48 451
  49 1635
  50 1203
  51 1076
  52 981
  53 1962
  54 925
  55 2146
  56 1967
  57 706
  58 1282
  59 2076
  60 2047
  61 129
  62 1660
  63 1979
  64 1833
  65 1371
  66 844
  67 1885
  68 1343
  69 782
  70 1942
  71 665
  72 465
  73 1777
  74 1712
  75 842
  76 524
  77 1747
  78 987
  79 1668
  80 1834
  81 1549
  82 728
  83 724
  84 853
  85 909
  86 595
  87 1630
  88 579
  89 970
  90 439
  91 1995
  92 423
  93 1378
  94 1911
  95 664
  96 1132
  97 1939
  98 652
  99 1993
  100 80
  101 791
  102 883
  103 1854
  104 582
  105 1838
  106 1952
  107 814
  108 353
  109 2054
  110 682
  111 1410
  112 1710
  113 562
  114 402
  115 182
  116 2014
  117 1177
  118 1640
  119 43
  120 2109
  121 992
  122 1604
  123 1259
  124 1178
  125 1281
  126 1074
  127 996
  128 459
  129 1406
  130 1216
  131 150
  132 505
  133 959
  134 417
  135 106
  136 326
  137 1105
  138 826
  139 133
  140 1302
  141 1737
  142 1192
  143 658
  144 624
  145 1324
  146 171
  147 1143
  148 564
  149 2029
  150 92
  151 1894
  152 1004
  153 1306
  154 1631
  155 486
  156 176
  157 1653
  158 1914
  159 1748
  160 337
  161 499
  162 859
  163 183
  164 1287
  165 464
  166 1941
  167 1221
  168 266
  169 1120
  170 223
  171 1196
  172 1870
  173 1537
  174 198
  175 795
  176 616
  177 896
  178 676
  179 558
  180 1528
  181 2147
  182 1148
  183 1744
  184 1999
  185 1039
  186 833
  187 1359
  188 134
  189 1486
  190 1831
  191 1931
  192 1245
  193 1949
  194 45
  195 678
  196 1323
  197 1953
  198 1374
  199 33
  200 1618
  201 1806
  202 410
  203 1985
  204 1315
  205 1887
  206 245
  207 1443
  208 64
  209 785
  210 2045
  211 1771
  212 31
  213 1095
  214 792
  215 1792
  216 275
  217 552
  218 1200
  219 1092
  220 2080
  221 1338
  222 818
  223 381
  224 306
  225 299
  226 113
  227 1551
  228 843
  229 1318
  230 646
  231 741
  232 2091
  233 683
  234 1974
  235 1388
  236 1853
  237 742
  238 1007
  239 644
  240 775
  241 1765
  242 66
  243 1332
  244 770
  245 1320
  246 1180
  247 23
  248 714
  249 1711
  250 1081
  251 711
  252 597
  253 357
  254 71
  255 240
  256 832
  257 1695
  258 736
  259 1850
  260 1257
  261 259
  262 588
  263 119
  264 986
  265 1678
  266 1266
  267 1596
  268 671
  269 868
  270 462
  271 1861
  272 1387
  273 642
  274 13
  275 1129
  276 2035
  277 1960
  278 2132
  279 1476
  280 2027
  281 1731
  282 127
  283 1656
  284 923
  285 1025
  286 2161
  287 2141
  288 1900
  289 684
  290 1045
  291 285
  292 1674
  293 1785
  294 1508
  295 185
  296 89
  297 1592
  298 1080
  299 1344
  300 1316
  301 1586
  302 520
  303 509
  304 1327
  305 634
  306 1400
  307 512
  308 945
  309 1546
  310 1609
  311 110
  312 919
  313 1614
  314 1466
  315 2017
  316 468
  317 603
  318 918
  319 130
  320 2063
  321 1361
  322 1016
  323 776
  324 1643
  325 1994
  326 1262
  327 1336
  328 1701
  329 1357
  330 513
  331 59
  332 1219
  333 1188
  334 1543
  335 1233
  336 932
  337 1295
  338 1087
  339 2123
  340 828
  341 407
  342 2098
  343 88
  344 774
  345 1175
  346 391
  347 1910
  348 697
  349 738
  350 2052
  351 1376
  352 1584
  353 483
  354 1539
  355 282
  356 221
  357 397
  358 881
  359 210
  360 1352
  361 319
  362 2165
  363 1980
  364 492
  365 1627
  366 647
  367 461
  368 940
  369 256
  370 620
  371 139
  372 474
  373 1484
  374 1778
  375 294
  376 1353
  377 894
  378 270
  379 1798
  380 1467
  381 846
  382 444
  383 351
  384 1055
  385 309
  386 328
  387 1450
  388 380
  389 1210
  390 419
  391 2043
  392 1049
  393 100
  394 534
  395 1424
  396 865
  397 1101
  398 1481
  399 834
  400 2133
  401 985
  402 900
  403 276
  404 1576
  405 158
  406 1933
  407 733
  408 1248
  409 65
  410 1682
  411 790
  412 592
  413 120
  414 1845
  415 1826
  416 1685
  417 1447
  418 1926
  419 837
  420 307
  421 1183
  422 1158
  423 494
  424 1223
  425 1154
  426 1490
  427 611
  428 2039
  429 393
  430 2016
  431 1571
  432 1116
  433 977
  434 1688
  435 365
  436 1521
  437 957
  438 1849
  439 379
  440 541
  441 1507
  442 1367
  443 1404
  444 425
  445 838
  446 181
  447 877
  448 1439
  449 352
  450 601
  451 1478
  452 691
  453 839
  454 1830
  455 1420
  456 2030
  457 574
  458 426
  459 1573
  460 1871
  461 1311
  462 2145
  463 1278
  464 1650
  465 1097
  466 314
  467 689
  468 1626
  469 854
  470 1633
  471 1244
  472 1341
  473 765
  474 441
  475 2138
  476 617
  477 432
  478 2026
  479 1459
  480 2064
  481 77
  482 1434
  483 864
  484 369
  485 1300
  486 1030
  487 1312
  488 1242
  489 677
  490 452
  491 1553
  492 648
  493 2060
  494 2169
  495 630
  496 1164
  497 1334
  498 1865
  499 1224
  500 123
  501 1446
  502 3
  503 1023
  504 649
  505 1012
  506 670
  507 965
  508 1818
  509 1636
  510 1899
  511 1053
  512 1299
  513 1166
  514 812
  515 4
  516 1649
  517 57
  518 87
  519 777
  520 1569
  521 855
  522 688
  523 1319
  524 293
  525 1325
  526 1104
  527 1750
  528 203
  529 315
  530 2012
  531 882
  532 577
  533 471
  534 1981
  535 1827
  536 1455
  537 1587
  538 1612
  539 103
  540 675
  541 705
  542 640
  543 1669
  544 169
  545 416
  546 2092
  547 348
  548 2001
  549 1329
  550 1235
  551 1789
  552 1740
  553 296
  554 215
  555 1947
  556 609
  557 265
  558 238
  559 944
  560 746
  561 1857
  562 1209
  563 345
  564 523
  565 2069
  566 1896
  567 716
  568 1921
  569 382
  570 336
  571 246
  572 79
  573 1286
  574 1791
  575 719
  576 2085
  577 1559
  578 1718
  579 229
  580 700
  581 1645
  582 2009
  583 1280
  584 793
  585 2081
  586 1922
  587 1471
  588 527
  589 1345
  590 779
  591 1083
  592 1804
  593 227
  594 598
  595 984
  596 2010
  597 1356
  598 1665
  599 121
  600 149
  601 1138
  602 308
  603 668
  604 1808
  605 2103
  606 1512
  607 1638
  608 852
  609 2142
  610 466
  611 876
  612 1924
  613 1671
  614 2149
  615 186
  616 1270
  617 1840
  618 1243
  619 915
  620 1679
  621 1201
  622 2024
  623 1296
  624 1078
  625 213
  626 622
  627 1734
  628 445
  629 1499
  630 197
  631 888
  632 822
  633 1877
  634 22
  635 856
  636 866
  637 317
  638 1875
  639 951
  640 1814
  641 341
  642 2015
  643 1161
  644 1487
  645 1354
  646 433
  647 1622
  648 58
  649 400
  650 538
  651 1732
  652 1228
  653 2127
  654 1131
  655 1399
  656 1846
  657 912
  658 1945
  659 484
  660 2048
  661 21
  662 1046
  663 1670
  664 761
  665 1122
  666 1495
  667 1396
  668 2020
  669 1790
  670 565
  671 73
  672 2095
  673 1683
  674 594
  675 403
  676 1970
  677 573
  678 1936
  679 850
  680 1275
  681 421
  682 600
  683 1971
  684 2037
  685 1168
  686 500
  687 570
  688 1452
  689 801
  690 1330
  691 1644
  692 1165
  693 717
  694 1050
  695 1381
  696 1448
  697 375
  698 1009
  699 1703
  700 93
  701 2118
  702 1972
  703 625
  704 599
  705 638
  706 1982
  707 2006
  708 1294
  709 1277
  710 450
  711 692
  712 457
  713 281
  714 952
  715 529
  716 1726
  717 241
  718 1913
  719 1048
  720 472
  721 933
  722 751
  723 1819
  724 122
  725 2004
  726 1904
  727 2163
  728 1503
  729 1866
  730 438
  731 1708
  732 1454
  733 347
  734 404
  735 586
  736 947
  737 1915
  738 446
  739 476
  740 2028
  741 269
  742 311
  743 1517
  744 1570
  745 997
  746 756
  747 232
  748 1098
  749 1582
  750 1664
  751 639
  752 216
  753 924
  754 1032
  755 1252
  756 1603
  757 418
  758 1417
  759 891
  760 1727
  761 1102
  762 1595
  763 1331
  764 25
  765 905
  766 1867
  767 1779
  768 743
  769 72
  770 1033
  771 1267
  772 225
  773 604
  774 1930
  775 1091
  776 16
  777 809
  778 495
  779 1928
  780 578
  781 1059
  782 146
  783 660
  784 84
  785 442
  786 673
  787 1107
  788 125
  789 1067
  790 39
  791 2096
  792 1414
  793 498
  794 1276
  795 1258
  796 2136
  797 606
  798 2071
  799 1578
  800 390
  801 2038
  802 906
  803 1326
  804 2110
  805 1897
  806 399
  807 1305
  808 1402
  809 1506
  810 1707
  811 1855
  812 935
  813 327
  814 1283
  815 1963
  816 2108
  817 1702
  818 2162
  819 2119
  820 1333
  821 429
  822 454
  823 1984
  824 587
  825 2082
  826 2156
  827 1619
  828 1086
  829 30
  830 917
  831 6
  832 260
  833 1416
  834 1646
  835 1741
  836 1288
  837 1965
  838 15
  839 627
  840 1322
  841 1313
  842 394
  843 325
  844 1013
  845 288
  846 1134
  847 234
  848 805
  849 157
  850 54
  851 392
  852 1260
  853 1881
  854 487
  855 1208
  856 1147
  857 1432
  858 20
  859 237
  860 2040
  861 363
  862 1617
  863 2137
  864 911
  865 286
  866 331
  867 890
  868 2068
  869 231
  870 463
  871 1482
  872 1730
  873 1989
  874 1397
  875 656
  876 1000
  877 74
  878 267
  879 1094
  880 1082
  881 142
  882 561
  883 731
  884 1274
  885 1873
  886 1218
  887 19
  888 1788
  889 1687
  890 1462
  891 1976
  892 449
  893 422
  894 975
  895 1935
  896 243
  897 2050
  898 590
  899 1195
  900 49
  901 511
  902 2134
  903 755
  904 478
  905 797
  906 1394
  907 1473
  908 1961
  909 491
  910 196
  911 2157
  912 1504
  913 1749
  914 195
  915 1890
  916 2086
  917 207
  918 184
  919 257
  920 686
  921 1880
  922 395
  923 108
  924 515
  925 968
  926 56
  927 2065
  928 1805
  929 1847
  930 2034
  931 37
  932 1436
  933 1386
  934 2041
  935 161
  936 1541
  937 1155
  938 1214
  939 974
  940 531
  941 1680
  942 1249
  943 1884
  944 1556
  945 698
  946 752
  947 1544
  948 44
  949 1774
  950 1658
  951 1379
  952 342
  953 96
  954 991
  955 338
  956 10
  957 549
  958 813
  959 1407
  960 687
  961 569
  962 1525
  963 851
  964 806
  965 302
  966 1250
  967 373
  968 209
  969 1380
  970 781
  971 2125
  972 162
  973 892
  974 1759
  975 1856
  976 324
  977 1583
  978 172
  979 313
  980 252
  981 669
  982 104
  983 290
  984 1015
  985 1700
  986 1425
  987 619
  988 887
  989 1844
  990 921
  991 1136
  992 2143
  993 350
  994 2113
  995 869
  996 1657
  997 117
  998 729
  999 236
  1000 674
  1001 218
  1002 428
  1003 1167
  1004 1786
  1005 24
  1006 629
  1007 1809
  1008 1817
  1009 1588
  1010 1187
  1011 870
  1012 2105
  1013 1651
  1014 584
  1015 1753
  1016 1489
  1017 1905
  1018 1629
  1019 1355
  1020 815
  1021 550
  1022 1891
  1023 1292
  1024 148
  1025 189
  1026 1111
  1027 1822
  1028 1265
  1029 773
  1030 1672
  1031 1527
  1032 340
  1033 2008
  1034 200
  1035 995
  1036 1385
  1037 378
  1038 913
  1039 458
  1040 1156
  1041 1118
  1042 800
  1043 583
  1044 1813
  1045 1189
  1046 430
  1047 893
  1048 1368
  1049 1594
  1050 2102
  1051 1878
  1052 2036
  1053 1500
  1054 1351
  1055 2059
  1056 895
  1057 387
  1058 1663
  1059 1876
  1060 2
  1061 1892
  1062 1545
  1063 1943
  1064 383
  1065 2089
  1066 254
  1067 152
  1068 214
  1069 568
  1070 228
  1071 1207
  1072 1655
  1073 144
  1074 1035
  1075 2077
  1076 98
  1077 2168
  1078 67
  1079 961
  1080 998
  1081 278
  1082 863
  1083 1977
  1084 661
  1085 758
  1086 1127
  1087 233
  1088 371
  1089 406
  1090 1474
  1091 1172
  1092 255
  1093 1370
  1094 1089
  1095 608
  1096 1441
  1097 1839
  1098 372
  1099 1130
  1100 199
  1101 1071
  1102 163
  1103 2154
  1104 1289
  1105 960
  1106 42
  1107 1782
  1108 1835
  1109 1784
COMMENT: TIMESTEP: 1
ORDERS_SECTION
  1 2 3
  2 4 5 1081 794 9
  3 6 7
  4 8 375 499 306
  5 9
  6 10 11
  7 12 13
  8 14 15 802
  9 16 17
  10 18 620
  11 19
  12 20
  13 21
  14 22
  15 23 24
  16 25 26 809 405
  17 27 28
  18 29 30 422
  19 31 32 227
  20 33 34
  21 35 893
  22 36
  23 37 38
  24 39 40 988 50
  25 41 42
  26 43 44
  27 45
  28 46 47
  29 48
  30 49 50
  31 51
  32 52
  33 53 54
  34 55 56
  35 57
  36 58 59
  37 60 881
  38 61 62
  39 63 64
  40 65 66
  41 67 277
  42 68 69
  43 70
  44 71 72
  45 73 74
  46 75 76 395
  47 77 78
  48 79
  49 80 548
  50 81
  51 82
  52 83 84
  53 85 86
  54 87 88
  55 89 90
  56 91
  57 92 93
  58 94 95
  59 96 97 800
  60 98
  61 99 100
  62 101
  63 102
  64 103 989
  65 104 105
  66 106
  67 107
  68 108 109
  69 110
  70 111 112
  71 113
  72 114
  73 115 116
  74 117
  75 118
  76 119 956
  77 120
  78 121 122 375
  79 123
  80 124 125 286
  81 126 127 294
  82 128 129
  83 130 131
  84 132
  85 133 1079
  86 134
  87 135 136
  88 137 606
  89 138 639
  90 139 140 977
  91 141 142
  92 143
  93 144 60
  94 145 146
  95 147 148
  96 149 150 328
  97 151
  98 152 153
  99 154
  100 155 156
  101 157 158
  102 159 160
  103 161 1003
  104 162
  105 163
  106 164
  107 165 166
  108 167 168
  109 169
  110 170 171
  111 172
  112 173
  113 174
  114 175 615
  115 176 177 22 193
  116 178
  117 179 180 640 616
  118 181
  119 182 183
  120 184 741
  121 185 186 948
  122 187 188
  123 189 190 907
  124 191
  125 192 193
  126 194 195
  127 196 91
  128 197 198
  129 199 200
  130 201 202 967
  131 203
  132 204
  133 205 206
  134 207 208
  135 209
  136 210
  137 211
  138 212
  139 213 214 964
  140 215 216
  141 217
  142 218 219
  143 220 221 814
  144 222 223
  145 224
  146 225 21
  147 226
  148 227 228
  149 229
  150 230 231 51
  151 232 372
  152 233
  153 234
  154 235
  155 236
  156 237
  157 238 239
  158 240
  159 241 242 239
  160 243 244 951
  161 245
  162 246
  163 247 248 395
  164 249 250
  165 251 252
  166 253
  167 254 255
  168 256 257 109
  169 258
  170 259 260
  171 261 262 358 635
  172 263 264 571
  173 265
  174 266 29
  175 267 268
  176 269
  177 270
  178 271
  179 272
  180 273 274
  181 275
  182 276 277
  183 278 279
  184 280 281
  185 282 283
  186 284
  187 285
  188 286 287
  189 288 289
  190 290 291
  191 292
  192 293
  193 294 295
  194 296 297
  195 298 299
  196 300 301
  197 302 303
  198 304 305
  199 306 307
  200 308
  201 309 310
  202 311 312
  203 313
  204 314 246
  205 315 238
  206 316 317
  207 318 280
  208 319 320
  209 321 322
  210 323 324
  211 325
  212 326
  213 327 328
  214 329 885
  215 330 649
  216 331
  217 332
  218 333 334 194
  219 335 336
  220 337 338
  221 339 470
  222 340 341
  223 342
  224 343 344
  225 345 346
  226 347
  227 348
  228 349
  229 350 351
  230 352 353
  231 354 355 59
  232 356 104
  233 357 358
  234 359 360
  235 361 883
  236 362 363
  237 364 365 135
  238 366
  239 367 368
  240 369 370
  241 371
  242 372 373 201
  243 374 375
  244 376 377 617
  245 378 519
  246 379 380
  247 381 382
  248 383 384
  249 385 386
  250 387
  251 388 389 1042
  252 390 391
  253 392
  254 393 394
  255 395
  256 396 397 1089
  257 398 399 487
  258 400 1050
  259 401 402
  260 403
  261 404
  262 405 406
  263 407 822
  264 408 143 520
  265 409
  266 410 411
  267 412 413
  268 414 415
  269 416 521
  270 417 418
  271 419
  272 420 421
  273 422 615
  274 423
  275 424 303
  276 425 426 524
  277 427
  278 428 429 265
  279 430
  280 431 432
  281 433
  282 434 435
  283 436
  284 437 438
  285 439
  286 440 441 1043
  287 442
  288 443
  289 444 445 197
  290 446 447
  291 448
  292 449 450 711
  293 451 452 539
  294 453 454
  295 455
  296 456
  297 457 458 57
  298 459
  299 460
  300 461
  301 462
  302 463
  303 464 465 360 740
  304 466
  305 467 1030
  306 468 469
  307 470 471 224
  308 472 473
  309 474
  310 475 476
  311 477 478 194
  312 479 480 92
  313 481 482
  314 483 484
  315 485
  316 486 487 107
  317 488
  318 489
  319 490 491 420
  320 492 493 233
  321 494 178
  322 495
  323 496
  324 497 498 101 548
  325 499 500
  326 501
  327 502
  328 503 504
  329 505
  330 506 630
  331 507 508
  332 509 510 940
  333 511
  334 512 513 143
  335 514
  336 515 516
  337 517 518
  338 519
  339 520
  340 521 936
  341 522 523 447
  342 524 1063
  343 525 577
  344 526 527 254
  345 528
  346 529
  347 530 531
  348 532 533 507 751
  349 534 535
  350 536 537 449
  351 538 539 733
  352 540
  353 541
  354 542
  355 543 544
  356 545 546 388
  357 547
  358 548
  359 549 550
  360 551 552 88
  361 553
  362 554
  363 555
  364 556 557 1051
  365 558 559
  366 560 561
  367 562 563
  368 564 565 243 756
  369 566
  370 567 568
  371 569 570 548
  372 571 572
  373 573
  374 574 575
  375 576 577 881 16
  376 578 579
  377 580 581 91
  378 582 583
  379 584 585 950
  380 586 587
  381 588 589
  382 590
  383 591 592 871
  384 593 594
  385 595
  386 596
  387 597
  388 598
  389 599 600
  390 601 119
  391 602 267
  392 603
  393 604 605
  394 606
  395 607
  396 608 609 1085 191
  397 610 984
  398 611
  399 612 613
  400 614
  401 615 616
  402 617 618
  403 619 620 951
  404 621
  405 622
  406 623
  407 624
  408 625 626
  409 627
  410 628 629
  411 630 925
  412 631
  413 632 633
  414 634 635 1079
  415 636 637
  416 638 360
  417 639 778
  418 640 641
  419 642
  420 643
  421 644 645
  422 646 647
  423 648 649
  424 650 651 349
  425 652 653
  426 654 655
  427 656 657
  428 658 659
  429 660 661 519
  430 662 530
  431 663
  432 664
  433 665
  434 666 445
  435 667
  436 668 669
  437 670 671
  438 672 612 718
  439 673 674
  440 675 676 881
  441 677 678
  442 679
  443 680 681
  444 682 683
  445 684 685 462
  446 686 687 881
  447 688 1090
  448 689 690
  449 691
  450 692
  451 693 694 1100
  452 695
  453 696
  454 697
  455 698
  456 699 700
  457 701 702
  458 703 704
  459 705 706
  460 707
  461 708 709
  462 710
  463 711 712
  464 713 714
  465 715 716
  466 717 718
  467 719
  468 720
  469 721 722
  470 723 724 438
  471 725
  472 726
  473 727
  474 728
  475 729 730
  476 731 732
  477 733 460
  478 734 735
  479 736 737
  480 738
  481 739
  482 740 741
  483 742 743 277
  484 744
  485 745 711
  486 746 702
  487 747 748
  488 749
  489 750 751
  490 752
  491 753 395
  492 754 755
  493 756 757
  494 758
  495 759 212
  496 760 761
  497 762 203
  498 763
  499 764
  500 765 766
  501 767 768 780 375
  502 769
  503 770
  504 771 772
  505 773 774
  506 775
  507 776 777 916
  508 778 779
  509 780 501
  510 781
  511 782
  512 783 784
  513 785 870 497
  514 786 787
  515 788 789 747 35 540
  516 790
  517 791 792
  518 793
  519 794 795 54
  520 796
  521 797
  522 798
  523 799 631
  524 800
  525 801 802
  526 803 62
  527 804
  528 805 706
  529 806 807 934
  530 808
  531 809 436
  532 810
  533 811 812 174
  534 813 814 691
  535 815 816
  536 817 818 616
  537 819
  538 820
  539 821 328
  540 822 823 717
  541 824 1043
  542 825
  543 826 827
  544 828
  545 829 830
  546 831
  547 832
  548 833 820
  549 834 835
  550 836
  551 837 838
  552 839 840 839
  553 841
  554 842 843 909
  555 844 845
  556 846
  557 847
  558 848 849
  559 850 509
  560 851
  561 852 853
  562 854
  563 855 856
  564 857 858 62
  565 859 860
  566 861
  567 862
  568 863
  569 864 865
  570 866 874
  571 867
  572 868 869
  573 870
  574 871 872
  575 873
  576 874
  577 875 876
  578 877
  579 878 879
  580 880 118 711
  581 881
  582 882 883 52 306
  583 884 270
  584 885 886
  585 887
  586 888
  587 889
  588 890 891
  589 892
  590 893 973
  591 894
  592 895 896 6
  593 897 898
  594 899
  595 900 901 131 970
  596 902 903
  597 904 905 489 606
  598 906
  599 907
  600 908 909
  601 910 911
  602 912 989
  603 913 914
  604 915 916
  605 917 918
  606 919 920
  607 921
  608 922 923 211
  609 924 925
  610 926 927
  611 928 70
  612 929
  613 930 931
  614 932 933
  615 934
  616 935 724
  617 936 937
  618 938
  619 939
  620 940 941
  621 942 943
  622 944 945
  623 946 947
  624 948 949 595
  625 950
  626 951
  627 952
  628 953 12
  629 954 955
  630 956 957 195
  631 958
  632 959 960
  633 961 962
  634 963 964
  635 965
  636 966
  637 967 968 903
  638 969 568
  639 970
  640 971 972
  641 973 974 931
  642 975 976
  643 977 978
  644 979
  645 980 981
  646 982 309
  647 983
  648 984 131
  649 985 408
  650 986
  651 987 988
  652 989 990
  653 991 992
  654 993 994
  655 995 798
  656 996
  657 997 998
  658 999
  659 1000 1001
  660 1002
  661 1003 1004
  662 1005
  663 1006
  664 1007
  665 1008
  666 1009
  667 1010 1011
  668 1012 1013
  669 1014 1015
  670 1016
  671 1017 1018
  672 1019 1020
  673 1021 408 621
  674 1022
  675 1023 1024
  676 1025 1026
  677 1027 1028 271 779
  678 1029 1030
  679 1031 1032
  680 1033
  681 1034 1035 995
  682 1036 1037 938
  683 1038
  684 1039
  685 1040
  686 1041 1042
  687 1043 1008
  688 1044
  689 1045
  690 1046 1047
  691 1048 939
  692 1049 1050 481 240
  693 1051
  694 1052 1053
  695 1054 1055
  696 1056 1057
  697 1058 1059
  698 1060
  699 1061
  700 1062 1063 827
  701 1064
  702 1065 1066 105
  703 1067 1068
  704 1069 1070 15
  705 1071 1072
  706 1073 1074 279
  707 1075
  708 1076
  709 1077
  710 1078
  711 1079 1080
  712 1081 186
  713 1082 1083
  714 1084 1085
  715 1086 1087 713
  716 1088
  717 1089
  718 1090 1004
  719 1091 1092 794
  720 1093 1094
  721 1095 1096
  722 1097 1098
  723 1099 1100 933
  724 1101 1102
  725 1103 1104
  726 1105 1106 662
  727 1107
  728 1108 1109
TIME_AVAIL_SECTION
  1 1
  2 1
  3 1
  4 1
  5 1
  6 1
  7 1
  8 1
  9 1
  10 1
  11 1
  12 1
  13 1
  14 1
  15 1
  16 1
  17 1
  18 1
  19 1
  20 1
  21 1
  22 1
  23 1
  24 1
  25 1
  26 1
  27 1
  28 1
  29 1
  30 1
  31 1
  32 1
  33 1
  34 1
  35 1
  36 1
  37 1
  38 1
  39 1
  40 1
  41 1
  42 1
  43 1
  44 1
  45 1
  46 1
  47 1
  48 1
  49 1
  50 1
  51 1
  52 1
  53 1
  54 1
  55 1
  56 1
  57 1
  58 1
  59 1
  60 1
  61 1
  62 1
  63 1
  64 1
  65 1
  66 1
  67 1
  68 1
  69 1
  70 1
  71 1
  72 1
  73 1
  74 1
  75 1
  76 1
  77 1
  78 1
  79 1
  80 1
  81 1
  82 1
  83 1
  84 1
  85 1
  86 1
  87 1
  88 1
  89 1
  90 1
  91 1
  92 1
  93 1
  94 1
  95 1
  96 1
  97 1
  98 1
  99 1
  100 1
  101 1
  102 1
  103 1
  104 1
  105 1
  106 1
  107 1
  108 1
  109 1
  110 1
  111 1
  112 1
  113 1
  114 1
  115 1
  116 1
  117 1
  118 1
  119 1
  120 1
  121 1
  122 1
  123 1
  124 1
  125 1
  126 1
  127 1
  128 1
  129 1
  130 1
  131 1
  132 1
  133 1
  134 1
  135 1
  136 1
  137 1
  138 1
  139 1
  140 1
  141 1
  142 1
  143 1
  144 1
  145 1
  146 1
  147 1
  148 1
  149 1
  150 1
  151 1
  152 1
  153 1
  154 1
  155 1
  156 1
  157 1
  158 1
  159 1
  160 1
  161 1
  162 1
  163 1
  164 1
  165 1
  166 1
  167 1
  168 1
  169 1
  170 1
  171 1
  172 1
  173 1
  174 1
  175 1
  176 1
  177 1
  178 1
  179 1
  180 1
  181 1
  182 1
  183 1
  184 1
  185 1
  186 1
  187 1
  188 1
  189 1
  190 1
  191 1
  192 1
  193 1
  194 1
  195 1
  196 1
  197 1
  198 1
  199 1
  200 1
  201 1
  202 1
  203 1
  204 1
  205 1
  206 1
  207 1
  208 1
  209 1
  210 1
  211 1
  212 1
  213 1
  214 1
  215 1
  216 1
  217 1
  218 1
  219 1
  220 1
  221 1
  222 1
  223 1
  224 1
  225 1
  226 1
  227 1
  228 1
  229 1
  230 1
  231 1
  232 1
  233 1
  234 1
  235 1
  236 1
  237 1
  238 1
  239 1
  240 1
  241 1
  242 1
  243 1
  244 1
  245 1
  246 1
  247 1
  248 1
  249 1
  250 1
  251 1
  252 1
  253 1
  254 1
  255 1
  256 1
  257 1
  258 1
  259 1
  260 1
  261 1
  262 1
  263 1
  264 1
  265 1
  266 1
  267 1
  268 1
  269 1
  270 1
  271 1
  272 1
  273 1
  274 1
  275 1
  276 1
  277 1
  278 1
  279 1
  280 1
  281 1
  282 1
  283 1
  284 1
  285 1
  286 1
  287 1
  288 1
  289 1
  290 1
  291 1
  292 1
  293 1
  294 1
  295 1
  296 1
  297 1
  298 1
  299 1
  300 1
  301 1
  302 1
  303 1
  304 1
  305 1
  306 1
  307 1
  308 1
  309 1
  310 1
  311 1
  312 1
  313 1
  314 1
  315 1
  316 1
  317 1
  318 1
  319 1
  320 1
  321 1
  322 1
  323 1
  324 1
  325 1
  326 1
  327 1
  328 1
  329 1
  330 1
  331 1
  332 1
  333 1
  334 1
  335 1
  336 1
  337 1
  338 1
  339 1
  340 1
  341 1
  342 1
  343 1
  344 1
  345 1
  346 1
  347 1
  348 1
  349 1
  350 1
  351 1
  352 1
  353 1
  354 1
  355 1
  356 1
  357 1
  358 1
  359 1
  360 1
  361 1
  362 1
  363 1
  364 1
  365 1
  366 1
  367 1
  368 1
  369 1
  370 1
  371 1
  372 1
  373 1
  374 1
  375 1
  376 1
  377 1
  378 1
  379 1
  380 1
  381 1
  382 1
  383 1
  384 1
  385 1
  386 1
  387 1
  388 1
  389 1
  390 1
  391 1
  392 1
  393 1
  394 1
  395 1
  396 1
  397 1
  398 1
  399 1
  400 1
  401 1
  402 1
  403 1
  404 1
  405 1
  406 1
  407 1
  408 1
  409 1
  410 1
  411 1
  412 1
  413 1
  414 1
  415 1
  416 1
  417 1
  418 1
  419 1
  420 1
  421 1
  422 1
  423 1
  424 1
  425 1
  426 1
  427 1
  428 1
  429 1
  430 1
  431 1
  432 1
  433 1
  434 1
  435 1
  436 1
  437 1
  438 1
  439 1
  440 1
  441 1
  442 1
  443 1
  444 1
  445 1
  446 1
  447 1
  448 1
  449 1
  450 1
  451 1
  452 1
  453 1
  454 1
  455 1
  456 1
  457 1
  458 1
  459 1
  460 1
  461 1
  462 1
  463 1
  464 1
  465 1
  466 1
  467 1
  468 1
  469 1
  470 1
  471 1
  472 1
  473 1
  474 1
  475 1
  476 1
  477 1
  478 1
  479 1
  480 1
  481 1
  482 1
  483 1
  484 1
  485 1
  486 1
  487 1
  488 1
  489 1
  490 1
  491 1
  492 1
  493 1
  494 1
  495 1
  496 1
  497 1
  498 1
  499 1
  500 1
  501 1
  502 1
  503 1
  504 1
  505 1
  506 1
  507 1
  508 1
  509 1
  510 1
  511 1
  512 1
  513 1
  514 1
  515 1
  516 1
  517 1
  518 1
  519 1
  520 1
  521 1
  522 1
  523 1
  524 1
  525 1
  526 1
  527 1
  528 1
  529 1
  530 1
  531 1
  532 1
  533 1
  534 1
  535 1
  536 1
  537 1
  538 1
  539 1
  540 1
  541 1
  542 1
  543 1
  544 1
  545 1
  546 1
  547 1
  548 1
  549 1
  550 1
  551 1
  552 1
  553 1
  554 1
  555 1
  556 1
  557 1
  558 1
  559 1
  560 1
  561 1
  562 1
  563 1
  564 1
  565 1
  566 1
  567 1
  568 1
  569 1
  570 1
  571 1
  572 1
  573 1
  574 1
  575 1
  576 1
  577 1
  578 1
  579 1
  580 1
  581 1
  582 1
  583 1
  584 1
  585 1
  586 1
  587 1
  588 1
  589 1
  590 1
  591 1
  592 1
  593 1
  594 1
  595 1
  596 1
  597 1
  598 1
  599 1
  600 1
  601 1
  602 1
  603 1
  604 1
  605 1
  606 1
  607 1
  608 1
  609 1
  610 1
  611 1
  612 1
  613 1
  614 1
  615 1
  616 1
  617 1
  618 1
  619 1
  620 1
  621 1
  622 1
  623 1
  624 1
  625 1
  626 1
  627 1
  628 1
  629 1
  630 1
  631 1
  632 1
  633 1
  634 1
  635 1
  636 1
  637 1
  638 1
  639 1
  640 1
  641 1
  642 1
  643 1
  644 1
  645 1
  646 1
  647 1
  648 1
  649 1
  650 1
  651 1
  652 1
  653 1
  654 1
  655 1
  656 1
  657 1
  658 1
  659 1
  660 1
  661 1
  662 1
  663 1
  664 1
  665 1
  666 1
  667 1
  668 1
  669 1
  670 1
  671 1
  672 1
  673 1
  674 1
  675 1
  676 1
  677 1
  678 1
  679 1
  680 1
  681 1
  682 1
  683 1
  684 1
  685 1
  686 1
  687 1
  688 1
  689 1
  690 1
  691 1
  692 1
  693 1
  694 1
  695 1
  696 1
  697 1
  698 1
  699 1
  700 1
  701 1
  702 1
  703 1
  704 1
  705 1
  706 1
  707 1
  708 1
  709 1
  710 1
  711 1
  712 1
  713 1
  714 1
  715 1
  716 1
  717 1
  718 1
  719 1
  720 1
  721 1
  722 1
  723 1
  724 1
  725 1
  726 1
  727 1
  728 1
EOF
