VRPTEST 1.0
COMMENT: descr: Modified tsplib for the OBP
COMMENT: Best known objective: 5203.949
COMMENT: Computational time (s): 828.8858769999999
NAME: c1211_fff6
NUM_CAPACITIES: 1
NUM_VISITS: 1211
NUM_VEHICLES: 23
CAPACITIES: 27
DATA_SECTION
DEPOTS
  0
  1
VISIT_LOCATION_SECTION
  2 548
  3 2138
  4 1301
  5 1001
  6 1769
  7 2058
  8 552
  9 425
  10 1800
  11 2149
  12 503
  13 353
  14 1617
  15 1056
  16 1110
  17 778
  18 903
  19 1668
  20 1250
  21 189
  22 1788
  23 1164
  24 1970
  25 728
  26 1951
  27 17
  28 435
  29 817
  30 1608
  31 941
  32 1178
  33 1561
  34 1436
  35 1320
  36 279
  37 1494
  38 350
  39 725
  40 1760
  41 801
  42 1543
  43 2
  44 1387
  45 1847
  46 163
  47 1079
  48 687
  49 1207
  50 331
  51 1695
  52 1346
  53 537
  54 604
  55 218
  56 1335
  57 719
  58 478
  59 1871
  60 1133
  61 1923
  62 1839
  63 1009
  64 2116
  65 326
  66 573
  67 1870
  68 399
  69 948
  70 957
  71 805
  72 742
  73 1130
  74 1963
  75 1189
  76 1832
  77 663
  78 1229
  79 489
  80 1888
  81 660
  82 1155
  83 287
  84 904
  85 1591
  86 625
  87 93
  88 1324
  89 913
  90 1939
  91 764
  92 6
  93 601
  94 1120
  95 1083
  96 50
  97 929
  98 401
  99 760
  100 1292
  101 1049
  102 1928
  103 352
  104 1373
  105 494
  106 765
  107 692
  108 1054
  109 1037
  110 471
  111 1272
  112 1616
  113 2082
  114 292
  115 1172
  116 197
  117 1233
  118 751
  119 1810
  120 685
  121 517
  122 1270
  123 1510
  124 565
  125 1048
  126 951
  127 69
  128 477
  129 1454
  130 686
  131 1269
  132 2037
  133 280
  134 380
  135 270
  136 1569
  137 1503
  138 846
  139 1096
  140 2087
  141 1268
  142 1521
  143 741
  144 872
  145 599
  146 488
  147 1704
  148 148
  149 1450
  150 382
  151 1857
  152 1273
  153 227
  154 1821
  155 460
  156 1995
  157 1914
  158 19
  159 2136
  160 666
  161 1179
  162 1471
  163 1805
  164 1974
  165 583
  166 144
  167 245
  168 2134
  169 1844
  170 1633
  171 529
  172 1578
  173 360
  174 1142
  175 2068
  176 705
  177 1712
  178 243
  179 1030
  180 1124
  181 1174
  182 1152
  183 551
  184 158
  185 1538
  186 1534
  187 1278
  188 238
  189 52
  190 303
  191 1709
  192 2074
  193 1621
  194 2055
  195 2123
  196 1523
  197 2135
  198 323
  199 877
  200 1985
  201 661
  202 797
  203 1783
  204 272
  205 1754
  206 1216
  207 2048
  208 1801
  209 586
  210 64
  211 603
  212 1664
  213 48
  214 911
  215 1425
  216 868
  217 1660
  218 818
  219 729
  220 1244
  221 507
  222 873
  223 924
  224 1942
  225 804
  226 411
  227 1809
  228 1955
  229 994
  230 2073
  231 138
  232 644
  233 839
  234 2089
  235 1394
  236 1989
  237 15
  238 423
  239 57
  240 386
  241 107
  242 1447
  243 2152
  244 909
  245 1680
  246 1960
  247 1686
  248 936
  249 2097
  250 2069
  251 2001
  252 1612
  253 2029
  254 1234
  255 1187
  256 675
  257 440
  258 1317
  259 211
  260 1355
  261 306
  262 1277
  263 1089
  264 577
  265 320
  266 779
  267 25
  268 127
  269 1091
  270 2169
  271 1780
  272 1352
  273 1828
  274 732
  275 308
  276 1687
  277 697
  278 2143
  279 992
  280 39
  281 131
  282 1122
  283 1929
  284 1357
  285 255
  286 2010
  287 645
  288 365
  289 1248
  290 237
  291 445
  292 334
  293 795
  294 2158
  295 1025
  296 169
  297 655
  298 1526
  299 159
  300 1266
  301 627
  302 888
  303 811
  304 1042
  305 940
  306 1944
  307 8
  308 1158
  309 406
  310 524
  311 1811
  312 1316
  313 77
  314 1675
  315 434
  316 919
  317 2101
  318 207
  319 1833
  320 1331
  321 7
  322 1062
  323 752
  324 203
  325 1141
  326 748
  327 1877
  328 1630
  329 202
  330 1609
  331 735
  332 798
  333 1255
  334 111
  335 2163
  336 1893
  337 781
  338 883
  339 29
  340 890
  341 1306
  342 1582
  343 743
  344 1486
  345 1485
  346 1103
  347 336
  348 1378
  349 1993
  350 1220
  351 1707
  352 1713
  353 2077
  354 1575
  355 20
  356 1897
  357 734
  358 606
  359 316
  360 1671
  361 611
  362 204
  363 510
  364 1585
  365 42
  366 486
  367 2035
  368 1653
  369 1999
  370 284
  371 1718
  372 71
  373 1759
  374 1016
  375 1721
  376 737
  377 894
  378 1689
  379 1136
  380 2109
  381 286
  382 639
  383 1330
  384 1367
  385 774
  386 989
  387 213
  388 1851
  389 632
  390 1369
  391 1166
  392 2008
  393 369
  394 1381
  395 259
  396 10
  397 1260
  398 1308
  399 354
  400 81
  401 368
  402 1067
  403 349
  404 1198
  405 630
  406 1932
  407 146
  408 1149
  409 2154
  410 484
  411 1986
  412 1720
  413 1683
  414 821
  415 1899
  416 496
  417 1230
  418 1979
  419 1285
  420 711
  421 1434
  422 70
  423 1596
  424 108
  425 954
  426 1557
  427 1046
  428 430
  429 1665
  430 2127
  431 696
  432 568
  433 2078
  434 2137
  435 1919
  436 392
  437 461
  438 89
  439 1419
  440 1116
  441 1698
  442 1393
  443 1822
  444 492
  445 1753
  446 1892
  447 1044
  448 1060
  449 918
  450 1875
  451 1298
  452 1756
  453 47
  454 694
  455 1074
  456 1053
  457 356
  458 1428
  459 684
  460 1532
  461 1965
  462 755
  463 416
  464 1693
  465 1703
  466 1075
  467 72
  468 1446
  469 1265
  470 266
  471 1334
  472 422
  473 1119
  474 526
  475 1499
  476 1183
  477 1740
  478 1546
  479 1263
  480 1426
  481 340
  482 1086
  483 1407
  484 1657
  485 720
  486 848
  487 2049
  488 938
  489 1784
  490 298
  491 2150
  492 2095
  493 139
  494 2020
  495 2002
  496 129
  497 1922
  498 391
  499 150
  500 1489
  501 840
  502 1411
  503 1978
  504 1886
  505 1537
  506 1218
  507 441
  508 1389
  509 459
  510 648
  511 1484
  512 1131
  513 83
  514 500
  515 498
  516 674
  517 1160
  518 1618
  519 1793
  520 385
  521 375
  522 2030
  523 246
  524 1405
  525 2145
  526 2036
  527 1799
  528 595
  529 1579
  530 2159
  531 117
  532 455
  533 554
  534 301
  535 680
  536 1289
  537 701
  538 996
  539 558
  540 984
  541 2032
  542 1314
  543 80
  544 1391
  545 36
  546 1504
  547 1195
  548 2047
  549 2079
  550 1977
  551 228
  552 263
  553 1981
  554 1705
  555 532
  556 995
  557 993
  558 1371
  559 253
  560 1495
  561 493
  562 1386
  563 140
  564 641
  565 629
  566 1296
  567 1047
  568 1661
  569 67
  570 1318
  571 1849
  572 1506
  573 1040
  574 946
  575 1674
  576 300
  577 192
  578 2108
  579 1807
  580 1763
  581 1896
  582 880
  583 379
  584 1845
  585 2039
  586 1614
  587 2009
  588 1619
  589 1039
  590 859
  591 1482
  592 1525
  593 450
  594 1882
  595 949
  596 1351
  597 670
  598 2045
  599 94
  600 1279
  601 1236
  602 1148
  603 1108
  604 1884
  605 1267
  606 1729
  607 1087
  608 1135
  609 240
  610 1328
  611 1947
  612 585
  613 920
  614 616
  615 173
  616 1007
  617 1983
  618 282
  619 267
  620 1305
  621 538
  622 520
  623 1333
  624 991
  625 426
  626 1846
  627 1730
  628 690
  629 1645
  630 1210
  631 58
  632 1776
  633 372
  634 1972
  635 776
  636 1031
  637 596
  638 813
  639 1235
  640 1184
  641 895
  642 252
  643 906
  644 110
  645 358
  646 290
  647 1417
  648 642
  649 1372
  650 1904
  651 1880
  652 1933
  653 1427
  654 346
  655 1302
  656 3
  657 912
  658 787
  659 395
  660 646
  661 612
  662 987
  663 922
  664 1676
  665 928
  666 990
  667 1565
  668 574
  669 578
  670 1860
  671 1816
  672 2170
  673 1559
  674 879
  675 2067
  676 285
  677 1708
  678 98
  679 761
  680 959
  681 802
  682 1332
  683 2026
  684 1058
  685 891
  686 224
  687 13
  688 449
  689 710
  690 390
  691 1217
  692 198
  693 2066
  694 319
  695 2168
  696 1011
  697 149
  698 855
  699 620
  700 254
  701 463
  702 1580
  703 209
  704 531
  705 1359
  706 1584
  707 2027
  708 850
  709 315
  710 698
  711 432
  712 691
  713 1646
  714 1336
  715 405
  716 830
  717 1102
  718 1390
  719 668
  720 887
  721 1477
  722 1467
  723 1157
  724 420
  725 1055
  726 174
  727 1480
  728 1360
  729 671
  730 770
  731 834
  732 1483
  733 464
  734 1607
  735 1640
  736 1036
  737 1443
  738 447
  739 351
  740 560
  741 1790
  742 2111
  743 1872
  744 1701
  745 2038
  746 1901
  747 452
  748 1544
  749 1873
  750 1175
  751 754
  752 2053
  753 1088
  754 2075
  755 1145
  756 448
  757 226
  758 1238
  759 2119
  760 1552
  761 446
  762 65
  763 233
  764 775
  765 136
  766 120
  767 119
  768 357
  769 744
  770 944
  771 2046
  772 1840
  773 1323
  774 1910
  775 104
  776 807
  777 1143
  778 428
  779 2057
  780 762
  781 2063
  782 239
  783 2017
  784 1294
  785 338
  786 1377
  787 972
  788 472
  789 86
  790 509
  791 1455
  792 1343
  793 1209
  794 182
  795 824
  796 469
  797 856
  798 1300
  799 126
  800 1202
  801 1338
  802 38
  803 1798
  804 1831
  805 491
  806 1050
  807 1500
  808 1368
  809 1792
  810 1531
  811 1588
  812 1865
  813 1841
  814 594
  815 1980
  816 2113
  817 1399
  818 424
  819 345
  820 1132
  821 9
  822 833
  823 1342
  824 1890
  825 602
  826 468
  827 419
  828 62
  829 165
  830 1625
  831 1592
  832 1726
  833 1894
  834 1744
  835 1820
  836 1647
  837 200
  838 1259
  839 23
  840 313
  841 230
  842 1699
  843 1271
  844 250
  845 1080
  846 1448
  847 1420
  848 1853
  849 1533
  850 451
  851 635
  852 1282
  853 1366
  854 1545
  855 2098
  856 1659
  857 1804
  858 1881
  859 75
  860 122
  861 1196
  862 1249
  863 542
  864 417
  865 1474
  866 1637
  867 1690
  868 986
  869 1101
  870 1379
  871 1757
  872 571
  873 657
  874 1134
  875 2080
  876 403
  877 619
  878 783
  879 1168
  880 921
  881 487
  882 1262
  883 654
  884 1560
  885 682
  886 549
  887 739
  888 467
  889 2117
  890 63
  891 1702
  892 1749
  893 1672
  894 1344
  895 550
  896 2157
  897 1193
  898 2050
  899 1118
  900 681
  901 1034
  902 1669
  903 952
  904 1856
  905 1452
  906 1779
  907 1639
  908 1313
  909 1632
  910 927
  911 2081
  912 176
  913 1200
  914 1678
  915 1456
  916 1550
  917 1010
  918 1631
  919 1192
  920 806
  921 1949
  922 515
  923 2004
  924 33
  925 1035
  926 1571
  927 1237
  928 1861
  929 1052
  930 1169
  931 407
  932 219
  933 1907
  934 499
  935 2105
  936 1201
  937 363
  938 777
  939 195
  940 2096
  941 837
  942 1478
  943 822
  944 249
  945 1837
  946 1903
  947 2112
  948 79
  949 677
  950 676
  951 1295
  952 397
  953 1041
  954 605
  955 1818
  956 1791
  957 1765
  958 476
  959 631
  960 466
  961 134
  962 1190
  963 1003
  964 978
  965 1315
  966 772
  967 132
  968 1636
  969 1415
  970 1747
  971 1975
  972 1524
  973 1823
  974 49
  975 1111
  976 1771
  977 1514
  978 234
  979 1283
  980 1936
  981 867
  982 2065
  983 162
  984 232
  985 961
  986 1370
  987 1562
  988 251
  989 829
  990 1245
  991 1917
  992 809
  993 569
  994 933
  995 530
  996 947
  997 2000
  998 473
  999 402
  1000 896
  1001 721
  1002 1996
  1003 1038
  1004 157
  1005 1384
  1006 1353
  1007 1177
  1008 1490
  1009 2041
  1010 1114
  1011 1082
  1012 1441
  1013 1147
  1014 88
  1015 2071
  1016 142
  1017 899
  1018 1513
  1019 1976
  1020 1650
  1021 1347
  1022 501
  1023 864
  1024 1464
  1025 1221
  1026 454
  1027 592
  1028 362
  1029 2094
  1030 1570
  1031 882
  1032 700
  1033 1251
  1034 137
  1035 1258
  1036 92
  1037 673
  1038 410
  1039 220
  1040 1078
  1041 1867
  1042 1627
  1043 1883
  1044 210
  1045 511
  1046 1156
  1047 1656
  1048 1838
  1049 1307
  1050 1826
  1051 1092
  1052 838
  1053 733
  1054 977
  1055 678
  1056 746
  1057 1224
  1058 2118
  1059 950
  1060 1497
  1061 1361
  1062 2120
  1063 540
  1064 1094
  1065 68
  1066 1642
  1067 766
  1068 394
  1069 789
  1070 2165
  1071 1460
  1072 1961
  1073 44
  1074 260
  1075 1380
  1076 652
  1077 1694
  1078 2040
  1079 835
  1080 1354
  1081 2061
  1082 1297
  1083 22
  1084 1626
  1085 547
  1086 1291
  1087 196
  1088 443
  1089 102
  1090 2018
  1091 1350
  1092 1900
  1093 617
  1094 1312
  1095 37
  1096 1651
  1097 1462
  1098 1508
  1099 976
  1100 2084
  1101 1481
  1102 997
  1103 998
  1104 294
  1105 341
  1106 1600
  1107 364
  1108 1991
  1109 483
  1110 650
  1111 1577
  1112 1288
  1113 1638
  1114 275
  1115 415
  1116 1817
  1117 749
  1118 1519
  1119 1385
  1120 34
  1121 1629
  1122 311
  1123 925
  1124 915
  1125 221
  1126 281
  1127 1382
  1128 553
  1129 975
  1130 843
  1131 184
  1132 27
  1133 965
  1134 2023
  1135 314
  1136 151
  1137 1855
  1138 1151
  1139 1472
  1140 1186
  1141 1106
  1142 2161
  1143 800
  1144 1176
  1145 1167
  1146 317
  1147 431
  1148 1117
  1149 2085
  1150 960
  1151 559
  1152 1930
  1153 1341
  1154 1945
  1155 981
  1156 2156
  1157 1105
  1158 2060
  1159 121
  1160 1635
  1161 1786
  1162 1891
  1163 256
  1164 1254
  1165 1465
  1166 2092
  1167 1741
  1168 1276
  1169 1948
  1170 1231
  1171 105
  1172 1228
  1173 1057
  1174 758
  1175 667
  1176 1751
  1177 181
  1178 1806
  1179 329
  1180 1432
  1181 1710
  1182 523
  1183 1311
  1184 309
  1185 31
  1186 2014
  1187 724
  1188 1679
  1189 1905
  1190 1451
  1191 999
  1192 847
  1193 1774
  1194 2054
  1195 438
  1196 1772
  1197 2126
  1198 1402
  1199 534
  1200 24
COMMENT: TIMESTEP: 1
ORDERS_SECTION
  1 2 3 4
  2 5 6
  3 7 8
  4 9 10 11
  5 12 13
  6 14 15
  7 16
  8 17
  9 18 19 20
  10 21 22
  11 23 24
  12 25
  13 26 27
  14 28 29
  15 30
  16 31 32
  17 33 34 35
  18 36 37 38
  19 39 40 41
  20 42 43 44
  21 45
  22 46 47
  23 48
  24 49 50 51
  25 52 53 54
  26 55 56 57
  27 58 59 60
  28 61
  29 62 63 64
  30 65 66 67
  31 68 69
  32 70
  33 71 72 73
  34 74
  35 75 76 77
  36 78
  37 79 80
  38 81 82 83
  39 84
  40 85
  41 86
  42 87
  43 88
  44 89 90 91
  45 92
  46 93 94
  47 95 96 97
  48 98 99 100
  49 101
  50 102 103
  51 104
  52 105
  53 106 107 108
  54 109 110 111
  55 112
  56 113 114 115
  57 116 117
  58 118 119 120
  59 121
  60 122
  61 123
  62 124 125
  63 126
  64 127 128
  65 129 130
  66 131
  67 132 133
  68 134 135
  69 136 137
  70 138 139 140
  71 141
  72 142 143
  73 144
  74 145
  75 146 147 148
  76 149
  77 150
  78 151 152 153
  79 154 155
  80 156 157
  81 158
  82 159 160
  83 161 162 163
  84 164 165
  85 166 167
  86 168 169 170
  87 171
  88 172 173 174
  89 175 176
  90 177
  91 178 179
  92 180 181
  93 182 183
  94 184 185 186
  95 187 188 189
  96 190 191
  97 192 193
  98 194 195
  99 196
  100 197 198
  101 199 200
  102 201 202 203
  103 204 205
  104 206
  105 207
  106 208 209
  107 210 211
  108 212
  109 213
  110 214 215 216
  111 217 218 219
  112 220 221
  113 222 223 224
  114 225
  115 226 227 228
  116 229 230 231
  117 232 233 234
  118 235
  119 236 237
  120 238
  121 239
  122 240 241
  123 242 470
  124 243
  125 244 245
  126 246
  127 247 248 249
  128 250
  129 251 252 253
  130 254 255
  131 256 257 258
  132 259 260
  133 261
  134 262
  135 263 264 265
  136 266 267
  137 268 269
  138 270 271 272
  139 273 274 275
  140 276 277 278
  141 279 280 281 1127
  142 282 283 284
  143 285 286 287
  144 288 289
  145 290
  146 291 292
  147 293 294
  148 295 296
  149 297 298 299 871
  150 300 301
  151 302 303
  152 304 305 306
  153 307 308 309
  154 310 311 312
  155 313
  156 314
  157 315 316 317
  158 318
  159 319 320
  160 321 322
  161 323
  162 324
  163 325
  164 326 327
  165 328 329 330
  166 331 332 333
  167 334 335 336
  168 337 338 339
  169 340
  170 341 342
  171 343 344
  172 345
  173 346 347
  174 348
  175 349 350 351
  176 352 353
  177 354 355 356
  178 357
  179 358
  180 359 360
  181 361 362 363
  182 364
  183 365
  184 366
  185 367 368
  186 369 370
  187 371
  188 372 373 374
  189 375
  190 376 377 378
  191 379 380 381
  192 382
  193 383
  194 384 385
  195 386 387 388
  196 389 390 391
  197 392 393 394
  198 395 396 397
  199 398 399 400
  200 401 402 403
  201 404
  202 405 406 407
  203 408 409 410
  204 411
  205 412 413 414
  206 415 416 417
  207 418 419 420
  208 421 422 423
  209 424 425 426
  210 427 428
  211 429 837
  212 430 431 432
  213 433
  214 434 435
  215 436 437 438
  216 439
  217 440
  218 441 442 443
  219 444 445 446
  220 447 448
  221 449 450
  222 451
  223 452
  224 453 454
  225 455 456
  226 457
  227 458
  228 459
  229 460
  230 461 462 463
  231 464 465
  232 466 467
  233 468 469 470
  234 471 472 473
  235 474
  236 475 476
  237 477 478 479
  238 480 481 482
  239 483 484
  240 485
  241 486 487 488
  242 489 490
  243 491 492
  244 493 494 495
  245 496 497
  246 498 499
  247 500 501
  248 502
  249 503
  250 504 505 30
  251 506
  252 507
  253 508 509
  254 510 511
  255 512
  256 513
  257 514 515 516
  258 517 518
  259 519 520 521
  260 522
  261 523 524
  262 525 526 527
  263 528 529
  264 530 531
  265 532 533 534
  266 535 536 537
  267 538 539 540
  268 541 542 543
  269 544 545 546
  270 547 548
  271 549
  272 550 551
  273 552
  274 553
  275 554 555
  276 556
  277 557 558
  278 559 560
  279 561 562
  280 563
  281 564
  282 565
  283 566 567 568
  284 569 570 571
  285 572
  286 573 574
  287 575
  288 576
  289 577 578 579
  290 580
  291 581 582 583
  292 584
  293 585 586
  294 587 588
  295 589
  296 590 591
  297 592 593
  298 594
  299 595 596
  300 597
  301 598 599 600
  302 601 602 603
  303 604 605
  304 606 607 608
  305 609 610
  306 611 612 613
  307 614 615 616
  308 617
  309 618 619
  310 620 621
  311 622 623 624
  312 625
  313 626 627 628 995
  314 629 630
  315 631
  316 632
  317 633
  318 634 635
  319 636 637 638
  320 639 640
  321 641 642 643
  322 644 645
  323 646 647
  324 648 649
  325 650 651 652
  326 653
  327 654 655 656
  328 657 658
  329 659
  330 660
  331 661
  332 662
  333 663
  334 664 665 666
  335 667
  336 668 669
  337 670
  338 671
  339 672 673
  340 674 675 676
  341 677
  342 678 679
  343 680 681
  344 682 683 684
  345 685 686 687
  346 688 689
  347 690 691 692
  348 693
  349 694 695 696
  350 697 698
  351 699 700 701
  352 702 703
  353 704 705 706
  354 707
  355 708 709 710
  356 711 712
  357 713 714 715
  358 716 717 718
  359 719
  360 720 721 722
  361 723
  362 724 725
  363 726 727
  364 728 729 730
  365 731 732 733
  366 734 735
  367 736
  368 737 738 739
  369 740
  370 741
  371 742 743
  372 744 745 746
  373 747
  374 748 749
  375 750 751
  376 752 753 754
  377 755 756 757
  378 758 759 760
  379 761 762 763
  380 764 765
  381 766 761
  382 767 768 769
  383 770
  384 771 772
  385 773 774 775
  386 776 777
  387 778 779 780
  388 781 782 783
  389 784 785
  390 786 787 788
  391 789
  392 790 791
  393 792
  394 793 794
  395 795
  396 796 797 798
  397 799 800
  398 801 802
  399 803 804 805
  400 806 807 808
  401 809
  402 810 811 812
  403 813 814
  404 815
  405 816 817 818
  406 819
  407 820
  408 821
  409 822 823 824
  410 825 826
  411 827
  412 828
  413 829 830 831
  414 832
  415 833
  416 834 835 836
  417 837
  418 838 839
  419 840
  420 841
  421 842
  422 843 844
  423 845 846
  424 847
  425 848 849 850
  426 851 852 853
  427 854 855 856
  428 857
  429 858
  430 859
  431 860 861
  432 862
  433 863
  434 864
  435 865 866 867
  436 868 869
  437 870
  438 871
  439 872 873 874
  440 875 876
  441 877 878
  442 879 880 881
  443 882 883
  444 884 885 886
  445 887 888 889
  446 890 891
  447 892 893 894
  448 895 896
  449 897 898 899
  450 900
  451 901 902
  452 903
  453 904 905 906
  454 907 908
  455 909
  456 910
  457 911 912 913
  458 914 915 916
  459 917 918
  460 919 920
  461 921
  462 922 923 924
  463 925 926 927
  464 928 929 930
  465 931 130
  466 932 933 934
  467 935 936 937
  468 938 939 449
  469 940 941
  470 942 943
  471 944
  472 945
  473 946 947
  474 948 949 950
  475 951 46
  476 952
  477 953
  478 954 955
  479 956
  480 957
  481 958 959 960
  482 961 962
  483 963 964 965
  484 966 967
  485 968 969 970
  486 971 972 973
  487 974 975
  488 976 977 978
  489 979 980 981
  490 982 983
  491 984
  492 985 986 987
  493 988
  494 989 990 991
  495 992 993
  496 994 995
  497 996 997 998
  498 999
  499 1000 1001
  500 1002
  501 1003 1004
  502 1005 1006
  503 1007
  504 1008 1009 1010
  505 1011 1012
  506 1013 1014
  507 1015 1016
  508 1017
  509 1018
  510 1019 1020
  511 1021
  512 1022 1023 1024
  513 1025 1026 1027
  514 1028 1029 1030
  515 1031 1032 1033
  516 1034 1035 1036
  517 1037 1038 1039
  518 1040 1041
  519 1042 1043 1044
  520 1045 1046
  521 1047
  522 1048
  523 1049 1050 1051
  524 1052 1053 1054
  525 1055 1056
  526 1057 1058 1059
  527 1060 1061
  528 1062 1063 1064
  529 1065 1066 1067
  530 1068 1069 1070
  531 1071 1072 1073
  532 1074
  533 1075
  534 1076 1077
  535 1078 1079 1080
  536 1081 1082
  537 1083 1084 1085
  538 1086 1087 1088
  539 1089
  540 1090 1091 1092
  541 1093
  542 1094 1095 1096
  543 1097 1098 1099
  544 1100
  545 1101 1102
  546 1103 1104
  547 1105 1106 1107
  548 1108 1109
  549 1110 1111 382
  550 1112
  551 1113 1114 1115
  552 1116 1117
  553 1118 1119 1120
  554 1121
  555 1122 1123
  556 1124 1125
  557 1126
  558 1127 1128 1129
  559 1130
  560 1131
  561 1132 1133
  562 1134 1135 1136
  563 1137
  564 1138 1139 1140
  565 1141
  566 1142 1143
  567 1144
  568 1145 1146 1147
  569 1148
  570 1149 1150
  571 1151 1152
  572 1153 1154
  573 1155 1156
  574 1157
  575 1158 1159
  576 1160
  577 1161
  578 1162
  579 1163
  580 1164
  581 1165 1166
  582 1167 1168
  583 1169 1170 1171
  584 1172 1173
  585 1174
  586 1175 1176
  587 1177 1178
  588 1179 1180
  589 1181
  590 1182
  591 1183 1184 1185
  592 1186 1187 1188
  593 1189 1190 1191
  594 1192 1193 1194
  595 1195 1196 1197
  596 1198 1199 1200 32
TIME_AVAIL_SECTION
  1 1
  2 1
  3 1
  4 1
  5 1
  6 1
  7 1
  8 1
  9 1
  10 1
  11 1
  12 1
  13 1
  14 1
  15 1
  16 1
  17 1
  18 1
  19 1
  20 1
  21 1
  22 1
  23 1
  24 1
  25 1
  26 1
  27 1
  28 1
  29 1
  30 1
  31 1
  32 1
  33 1
  34 1
  35 1
  36 1
  37 1
  38 1
  39 1
  40 1
  41 1
  42 1
  43 1
  44 1
  45 1
  46 1
  47 1
  48 1
  49 1
  50 1
  51 1
  52 1
  53 1
  54 1
  55 1
  56 1
  57 1
  58 1
  59 1
  60 1
  61 1
  62 1
  63 1
  64 1
  65 1
  66 1
  67 1
  68 1
  69 1
  70 1
  71 1
  72 1
  73 1
  74 1
  75 1
  76 1
  77 1
  78 1
  79 1
  80 1
  81 1
  82 1
  83 1
  84 1
  85 1
  86 1
  87 1
  88 1
  89 1
  90 1
  91 1
  92 1
  93 1
  94 1
  95 1
  96 1
  97 1
  98 1
  99 1
  100 1
  101 1
  102 1
  103 1
  104 1
  105 1
  106 1
  107 1
  108 1
  109 1
  110 1
  111 1
  112 1
  113 1
  114 1
  115 1
  116 1
  117 1
  118 1
  119 1
  120 1
  121 1
  122 1
  123 1
  124 1
  125 1
  126 1
  127 1
  128 1
  129 1
  130 1
  131 1
  132 1
  133 1
  134 1
  135 1
  136 1
  137 1
  138 1
  139 1
  140 1
  141 1
  142 1
  143 1
  144 1
  145 1
  146 1
  147 1
  148 1
  149 1
  150 1
  151 1
  152 1
  153 1
  154 1
  155 1
  156 1
  157 1
  158 1
  159 1
  160 1
  161 1
  162 1
  163 1
  164 1
  165 1
  166 1
  167 1
  168 1
  169 1
  170 1
  171 1
  172 1
  173 1
  174 1
  175 1
  176 1
  177 1
  178 1
  179 1
  180 1
  181 1
  182 1
  183 1
  184 1
  185 1
  186 1
  187 1
  188 1
  189 1
  190 1
  191 1
  192 1
  193 1
  194 1
  195 1
  196 1
  197 1
  198 1
  199 1
  200 1
  201 1
  202 1
  203 1
  204 1
  205 1
  206 1
  207 1
  208 1
  209 1
  210 1
  211 1
  212 1
  213 1
  214 1
  215 1
  216 1
  217 1
  218 1
  219 1
  220 1
  221 1
  222 1
  223 1
  224 1
  225 1
  226 1
  227 1
  228 1
  229 1
  230 1
  231 1
  232 1
  233 1
  234 1
  235 1
  236 1
  237 1
  238 1
  239 1
  240 1
  241 1
  242 1
  243 1
  244 1
  245 1
  246 1
  247 1
  248 1
  249 1
  250 1
  251 1
  252 1
  253 1
  254 1
  255 1
  256 1
  257 1
  258 1
  259 1
  260 1
  261 1
  262 1
  263 1
  264 1
  265 1
  266 1
  267 1
  268 1
  269 1
  270 1
  271 1
  272 1
  273 1
  274 1
  275 1
  276 1
  277 1
  278 1
  279 1
  280 1
  281 1
  282 1
  283 1
  284 1
  285 1
  286 1
  287 1
  288 1
  289 1
  290 1
  291 1
  292 1
  293 1
  294 1
  295 1
  296 1
  297 1
  298 1
  299 1
  300 1
  301 1
  302 1
  303 1
  304 1
  305 1
  306 1
  307 1
  308 1
  309 1
  310 1
  311 1
  312 1
  313 1
  314 1
  315 1
  316 1
  317 1
  318 1
  319 1
  320 1
  321 1
  322 1
  323 1
  324 1
  325 1
  326 1
  327 1
  328 1
  329 1
  330 1
  331 1
  332 1
  333 1
  334 1
  335 1
  336 1
  337 1
  338 1
  339 1
  340 1
  341 1
  342 1
  343 1
  344 1
  345 1
  346 1
  347 1
  348 1
  349 1
  350 1
  351 1
  352 1
  353 1
  354 1
  355 1
  356 1
  357 1
  358 1
  359 1
  360 1
  361 1
  362 1
  363 1
  364 1
  365 1
  366 1
  367 1
  368 1
  369 1
  370 1
  371 1
  372 1
  373 1
  374 1
  375 1
  376 1
  377 1
  378 1
  379 1
  380 1
  381 1
  382 1
  383 1
  384 1
  385 1
  386 1
  387 1
  388 1
  389 1
  390 1
  391 1
  392 1
  393 1
  394 1
  395 1
  396 1
  397 1
  398 1
  399 1
  400 1
  401 1
  402 1
  403 1
  404 1
  405 1
  406 1
  407 1
  408 1
  409 1
  410 1
  411 1
  412 1
  413 1
  414 1
  415 1
  416 1
  417 1
  418 1
  419 1
  420 1
  421 1
  422 1
  423 1
  424 1
  425 1
  426 1
  427 1
  428 1
  429 1
  430 1
  431 1
  432 1
  433 1
  434 1
  435 1
  436 1
  437 1
  438 1
  439 1
  440 1
  441 1
  442 1
  443 1
  444 1
  445 1
  446 1
  447 1
  448 1
  449 1
  450 1
  451 1
  452 1
  453 1
  454 1
  455 1
  456 1
  457 1
  458 1
  459 1
  460 1
  461 1
  462 1
  463 1
  464 1
  465 1
  466 1
  467 1
  468 1
  469 1
  470 1
  471 1
  472 1
  473 1
  474 1
  475 1
  476 1
  477 1
  478 1
  479 1
  480 1
  481 1
  482 1
  483 1
  484 1
  485 1
  486 1
  487 1
  488 1
  489 1
  490 1
  491 1
  492 1
  493 1
  494 1
  495 1
  496 1
  497 1
  498 1
  499 1
  500 1
  501 1
  502 1
  503 1
  504 1
  505 1
  506 1
  507 1
  508 1
  509 1
  510 1
  511 1
  512 1
  513 1
  514 1
  515 1
  516 1
  517 1
  518 1
  519 1
  520 1
  521 1
  522 1
  523 1
  524 1
  525 1
  526 1
  527 1
  528 1
  529 1
  530 1
  531 1
  532 1
  533 1
  534 1
  535 1
  536 1
  537 1
  538 1
  539 1
  540 1
  541 1
  542 1
  543 1
  544 1
  545 1
  546 1
  547 1
  548 1
  549 1
  550 1
  551 1
  552 1
  553 1
  554 1
  555 1
  556 1
  557 1
  558 1
  559 1
  560 1
  561 1
  562 1
  563 1
  564 1
  565 1
  566 1
  567 1
  568 1
  569 1
  570 1
  571 1
  572 1
  573 1
  574 1
  575 1
  576 1
  577 1
  578 1
  579 1
  580 1
  581 1
  582 1
  583 1
  584 1
  585 1
  586 1
  587 1
  588 1
  589 1
  590 1
  591 1
  592 1
  593 1
  594 1
  595 1
  596 1
EOF
