VRPTEST 1.0
COMMENT: descr: Modified tsplib for the OBP
COMMENT: Best known objective: 7618.682
COMMENT: Computational time (s): 3557.8304430000003
NAME: c537_4053
NUM_CAPACITIES: 1
NUM_VISITS: 537
NUM_VEHICLES: 60
CAPACITIES: 6
DATA_SECTION
DEPOTS
  0
  1
VISIT_LOCATION_SECTION
  2 94
  3 1042
  4 234
  5 1298
  6 1929
  7 1953
  8 728
  9 2087
  10 2116
  11 949
  12 776
  13 1203
  14 2094
  15 1946
  16 877
  17 1052
  18 1412
  19 476
  20 1289
  21 2154
  22 540
  23 1378
  24 1360
  25 1235
  26 207
  27 1896
  28 1604
  29 236
  30 1458
  31 595
  32 978
  33 923
  34 946
  35 2061
  36 1001
  37 6
  38 1690
  39 966
  40 915
  41 1091
  42 1794
  43 998
  44 328
  45 455
  46 1791
  47 1417
  48 549
  49 1530
  50 466
  51 1178
  52 430
  53 1797
  54 479
  55 1550
  56 1272
  57 1786
  58 485
  59 1067
  60 2024
  61 644
  62 1731
  63 1368
  64 255
  65 981
  66 463
  67 90
  68 325
  69 195
  70 813
  71 394
  72 2058
  73 311
  74 2136
  75 1755
  76 421
  77 1193
  78 869
  79 2065
  80 1939
  81 1148
  82 731
  83 1085
  84 2083
  85 1608
  86 2119
  87 1325
  88 693
  89 684
  90 1728
  91 1262
  92 1311
  93 1751
  94 1625
  95 1427
  96 1671
  97 1315
  98 1197
  99 2010
  100 683
  101 22
  102 163
  103 571
  104 2012
  105 911
  106 1931
  107 1925
  108 2063
  109 253
  110 1118
  111 592
  112 1749
  113 237
  114 766
  115 1622
  116 435
  117 1838
  118 1141
  119 1136
  120 745
  121 1324
  122 1868
  123 1698
  124 58
  125 686
  126 1967
  127 964
  128 350
  129 1571
  130 297
  131 1483
  132 1303
  133 225
  134 1011
  135 826
  136 2066
  137 1780
  138 983
  139 1416
  140 1547
  141 919
  142 1064
  143 71
  144 41
  145 550
  146 1873
  147 1321
  148 279
  149 971
  150 510
  151 382
  152 1466
  153 1801
  154 1034
  155 999
  156 1294
  157 1559
  158 853
  159 1670
  160 1664
  161 1127
  162 2084
  163 1317
  164 891
  165 1676
  166 1192
  167 1565
  168 1341
  169 920
  170 324
  171 792
  172 1112
  173 1872
  174 1763
  175 1774
  176 1167
  177 692
  178 1579
  179 1972
  180 1619
  181 1079
  182 226
  183 777
  184 467
  185 436
  186 1363
  187 175
  188 1704
  189 1616
  190 599
  191 246
  192 1999
  193 7
  194 542
  195 606
  196 1195
  197 339
  198 1394
  199 648
  200 1012
  201 522
  202 1337
  203 1145
  204 634
  205 1538
  206 649
  207 1839
  208 302
  209 1927
  210 1537
  211 1633
  212 2127
  213 583
  214 737
  215 449
  216 1970
  217 812
  218 918
  219 17
  220 789
  221 1169
  222 1740
  223 317
  224 1188
  225 1056
  226 1528
  227 1031
  228 1428
  229 1629
  230 309
  231 632
  232 935
  233 1456
  234 256
  235 1151
  236 314
  237 51
  238 445
  239 1336
  240 1644
  241 318
  242 503
  243 1862
  244 1462
  245 713
  246 65
  247 1816
  248 2069
  249 995
  250 526
  251 229
  252 1155
  253 1984
  254 1032
  255 1063
  256 298
  257 1339
  258 1273
  259 1871
  260 2121
  261 1055
  262 1413
  263 1979
  264 1254
  265 1296
  266 2090
  267 1398
  268 732
  269 1601
  270 1806
  271 895
  272 1503
  273 1231
  274 139
  275 1915
  276 1451
  277 1936
  278 1721
  279 1661
  280 2037
  281 270
  282 1666
  283 1432
  284 1890
  285 1369
  286 1614
  287 406
  288 2021
  289 30
  290 733
  291 505
  292 16
  293 1347
  294 1776
  295 1058
  296 1626
  297 241
  298 802
  299 1663
  300 1306
  301 363
  302 1267
  303 269
  304 1500
  305 835
  306 1201
  307 33
  308 620
  309 72
  310 1651
  311 111
  312 1422
  313 1075
  314 1942
  315 1822
  316 2158
  317 1882
  318 1287
  319 2008
  320 2007
  321 1498
  322 365
  323 1299
  324 1107
  325 663
  326 59
  327 667
  328 1594
  329 416
  330 1331
  331 1470
  332 838
  333 2030
  334 282
  335 1978
  336 2125
  337 1963
  338 64
  339 924
  340 629
  341 1198
  342 779
  343 1429
  344 1236
  345 778
  346 379
  347 1200
  348 127
  349 484
  350 200
  351 126
  352 1788
  353 1318
  354 74
  355 2033
  356 425
  357 764
  358 39
  359 1607
  360 1564
  361 1928
  362 1688
  363 1618
  364 2067
  365 1772
  366 1708
  367 1543
  368 1575
  369 972
  370 1771
  371 977
  372 697
  373 1090
  374 1808
  375 301
  376 1078
  377 1630
  378 823
  379 878
  380 417
  381 1344
  382 612
  383 1720
  384 500
  385 320
  386 1880
  387 1202
  388 531
  389 1769
  390 426
  391 558
  392 821
  393 341
  394 2068
  395 805
  396 366
  397 1784
  398 1504
  399 1753
  400 1913
  401 1092
  402 1933
  403 1358
  404 1139
  405 1870
  406 976
  407 1224
  408 1513
  409 1840
  410 1576
  411 315
  412 859
  413 1322
  414 1506
  415 933
  416 1505
  417 36
  418 696
  419 556
  420 304
  421 1147
  422 1779
  423 1908
  424 2080
  425 1327
  426 1438
  427 633
  428 2060
  429 1792
  430 2071
  431 257
  432 124
  433 2059
  434 143
  435 1508
  436 956
  437 1805
  438 1582
  439 44
  440 2016
  441 519
  442 228
  443 1832
  444 202
  445 975
  446 1799
  447 1995
  448 2
  449 1560
  450 414
  451 1864
  452 372
  453 906
  454 2150
  455 716
  456 2013
  457 2110
  458 847
  459 1878
  460 900
  461 362
  462 1875
  463 103
  464 87
  465 699
  466 1177
  467 331
  468 1372
  469 184
  470 1647
  471 1397
  472 2145
  473 837
  474 100
  475 968
  476 1617
  477 528
  478 748
  479 682
  480 888
  481 1257
  482 400
  483 1316
  484 1606
  485 758
  486 1669
  487 1402
  488 2170
  489 1096
  490 1122
  491 1425
  492 765
  493 1764
  494 1631
  495 456
  496 2073
  497 1387
  498 815
  499 879
  500 873
  501 1588
  502 239
  503 572
  504 1944
  505 1352
  506 123
  507 1009
  508 405
  509 1817
  510 830
  511 1379
  512 1724
  513 616
  514 1737
  515 687
  516 468
  517 551
  518 1492
  519 2101
  520 1464
  521 729
  522 1353
  523 1891
  524 1447
  525 2169
  526 1860
  527 800
COMMENT: TIMESTEP: 1
ORDERS_SECTION
  1 2
  2 3 4
  3 5
  4 6
  5 7
  6 8
  7 9
  8 10 11
  9 12 13
  10 14 15
  11 16 17
  12 18
  13 19
  14 20 21
  15 22 23
  16 24
  17 25 26
  18 27 28
  19 29
  20 30 31
  21 32 33
  22 34
  23 35 36
  24 37 38
  25 39 40
  26 41 42 238
  27 43 44
  28 45
  29 46 47
  30 48 49
  31 50
  32 51
  33 52
  34 53
  35 54 55
  36 56
  37 57 58
  38 59
  39 60 61
  40 62 63
  41 64
  42 65 66
  43 67
  44 68
  45 69
  46 70
  47 71
  48 72 73
  49 74 75
  50 76 77
  51 78
  52 79
  53 80 81
  54 82
  55 83
  56 84
  57 85 86
  58 87
  59 88
  60 89
  61 90
  62 91
  63 92
  64 93
  65 94 95
  66 96 97
  67 98
  68 99 100
  69 101
  70 102 103
  71 104 105
  72 106
  73 107 108
  74 109 110
  75 111 112
  76 113 114
  77 115 116
  78 117
  79 118
  80 119
  81 120
  82 121
  83 122 123
  84 124 125
  85 126
  86 127
  87 128
  88 129 130
  89 131
  90 132 133
  91 134
  92 135
  93 136 137
  94 138
  95 139
  96 140
  97 141 142
  98 143
  99 144
  100 145
  101 146
  102 147 148
  103 149 150
  104 151
  105 152
  106 153 154
  107 155 156
  108 157
  109 158
  110 159
  111 160
  112 161 162
  113 163
  114 164
  115 165 166
  116 167 168
  117 169 170
  118 171 172
  119 173 174 469
  120 175
  121 176
  122 177 178
  123 179 180
  124 181
  125 182
  126 183
  127 184 185
  128 186 187
  129 188
  130 189
  131 190
  132 191 192
  133 193 194
  134 195
  135 196
  136 197 198
  137 199 200
  138 201
  139 202
  140 203
  141 204
  142 205 206
  143 207 208
  144 209
  145 210
  146 211 212
  147 213
  148 214 215
  149 216 217
  150 218
  151 219
  152 220 221
  153 222
  154 223
  155 224
  156 225 226
  157 227
  158 228 229
  159 230
  160 231
  161 232 233
  162 234 235
  163 236 237
  164 238
  165 239 240
  166 241
  167 242 243
  168 244
  169 245 246
  170 247 248
  171 249
  172 250 251 181
  173 252
  174 253 254
  175 255
  176 256 257
  177 258 259
  178 260
  179 261 262
  180 263
  181 264 265
  182 266
  183 267
  184 268 269
  185 270
  186 271 272
  187 273 274
  188 275 276
  189 277 278
  190 279 280
  191 281 282
  192 283
  193 284 285
  194 286
  195 287
  196 288 176
  197 289 290
  198 291 292
  199 293 294
  200 295
  201 296 297
  202 298 299
  203 300 301
  204 302 303
  205 304 305
  206 306
  207 307 308
  208 309
  209 310 311 52
  210 312
  211 313
  212 314 315
  213 316
  214 317 318
  215 319 320 54
  216 321 322
  217 323 324
  218 325
  219 326
  220 327
  221 328 329
  222 330
  223 331
  224 332 333
  225 334 335
  226 336 337
  227 338 339
  228 340 341
  229 342 343
  230 344 345
  231 346
  232 347
  233 348 349
  234 350
  235 351 352
  236 353 354
  237 355
  238 356
  239 357
  240 358 359
  241 360
  242 361
  243 362 363
  244 364 365
  245 366 367
  246 368 369
  247 370
  248 371 372
  249 373 374
  250 375
  251 376
  252 377
  253 378 379
  254 380
  255 381 410
  256 382 383
  257 384
  258 385
  259 386 387
  260 388 389
  261 390 391
  262 392 393
  263 394
  264 395
  265 396
  266 397 398
  267 399 400
  268 401 402
  269 403 404
  270 405 406
  271 407
  272 408
  273 409 410
  274 411
  275 412
  276 413 414
  277 415 416
  278 417 418
  279 419
  280 420
  281 421
  282 422
  283 423
  284 424
  285 425
  286 426 427
  287 428 429
  288 430 431
  289 432
  290 433 434 128
  291 435
  292 436
  293 437 438
  294 439 440
  295 441
  296 442 443
  297 444 445
  298 446
  299 447 448 370
  300 449
  301 450
  302 451 452
  303 453 454
  304 455 456
  305 457
  306 458 459
  307 460 461
  308 462
  309 463
  310 464 465 237
  311 466
  312 467 468
  313 469
  314 470
  315 471
  316 472 473
  317 474
  318 475 476
  319 477
  320 478
  321 479
  322 480
  323 481
  324 482
  325 483
  326 484
  327 485
  328 486
  329 487
  330 488
  331 489 490
  332 491 492
  333 493 494
  334 495
  335 496 497
  336 498
  337 499
  338 500
  339 501
  340 502
  341 503 504
  342 505
  343 506
  344 507
  345 508 509
  346 510
  347 511
  348 512
  349 513 514
  350 515 516
  351 517 518
  352 519
  353 520
  354 521
  355 522 230
  356 523
  357 524 525
  358 526
  359 527
TIME_AVAIL_SECTION
  1 1
  2 1
  3 1
  4 1
  5 1
  6 1
  7 1
  8 1
  9 1
  10 1
  11 1
  12 1
  13 1
  14 1
  15 1
  16 1
  17 1
  18 1
  19 1
  20 1
  21 1
  22 1
  23 1
  24 1
  25 1
  26 1
  27 1
  28 1
  29 1
  30 1
  31 1
  32 1
  33 1
  34 1
  35 1
  36 1
  37 1
  38 1
  39 1
  40 1
  41 1
  42 1
  43 1
  44 1
  45 1
  46 1
  47 1
  48 1
  49 1
  50 1
  51 1
  52 1
  53 1
  54 1
  55 1
  56 1
  57 1
  58 1
  59 1
  60 1
  61 1
  62 1
  63 1
  64 1
  65 1
  66 1
  67 1
  68 1
  69 1
  70 1
  71 1
  72 1
  73 1
  74 1
  75 1
  76 1
  77 1
  78 1
  79 1
  80 1
  81 1
  82 1
  83 1
  84 1
  85 1
  86 1
  87 1
  88 1
  89 1
  90 1
  91 1
  92 1
  93 1
  94 1
  95 1
  96 1
  97 1
  98 1
  99 1
  100 1
  101 1
  102 1
  103 1
  104 1
  105 1
  106 1
  107 1
  108 1
  109 1
  110 1
  111 1
  112 1
  113 1
  114 1
  115 1
  116 1
  117 1
  118 1
  119 1
  120 1
  121 1
  122 1
  123 1
  124 1
  125 1
  126 1
  127 1
  128 1
  129 1
  130 1
  131 1
  132 1
  133 1
  134 1
  135 1
  136 1
  137 1
  138 1
  139 1
  140 1
  141 1
  142 1
  143 1
  144 1
  145 1
  146 1
  147 1
  148 1
  149 1
  150 1
  151 1
  152 1
  153 1
  154 1
  155 1
  156 1
  157 1
  158 1
  159 1
  160 1
  161 1
  162 1
  163 1
  164 1
  165 1
  166 1
  167 1
  168 1
  169 1
  170 1
  171 1
  172 1
  173 1
  174 1
  175 1
  176 1
  177 1
  178 1
  179 1
  180 1
  181 1
  182 1
  183 1
  184 1
  185 1
  186 1
  187 1
  188 1
  189 1
  190 1
  191 1
  192 1
  193 1
  194 1
  195 1
  196 1
  197 1
  198 1
  199 1
  200 1
  201 1
  202 1
  203 1
  204 1
  205 1
  206 1
  207 1
  208 1
  209 1
  210 1
  211 1
  212 1
  213 1
  214 1
  215 1
  216 1
  217 1
  218 1
  219 1
  220 1
  221 1
  222 1
  223 1
  224 1
  225 1
  226 1
  227 1
  228 1
  229 1
  230 1
  231 1
  232 1
  233 1
  234 1
  235 1
  236 1
  237 1
  238 1
  239 1
  240 1
  241 1
  242 1
  243 1
  244 1
  245 1
  246 1
  247 1
  248 1
  249 1
  250 1
  251 1
  252 1
  253 1
  254 1
  255 1
  256 1
  257 1
  258 1
  259 1
  260 1
  261 1
  262 1
  263 1
  264 1
  265 1
  266 1
  267 1
  268 1
  269 1
  270 1
  271 1
  272 1
  273 1
  274 1
  275 1
  276 1
  277 1
  278 1
  279 1
  280 1
  281 1
  282 1
  283 1
  284 1
  285 1
  286 1
  287 1
  288 1
  289 1
  290 1
  291 1
  292 1
  293 1
  294 1
  295 1
  296 1
  297 1
  298 1
  299 1
  300 1
  301 1
  302 1
  303 1
  304 1
  305 1
  306 1
  307 1
  308 1
  309 1
  310 1
  311 1
  312 1
  313 1
  314 1
  315 1
  316 1
  317 1
  318 1
  319 1
  320 1
  321 1
  322 1
  323 1
  324 1
  325 1
  326 1
  327 1
  328 1
  329 1
  330 1
  331 1
  332 1
  333 1
  334 1
  335 1
  336 1
  337 1
  338 1
  339 1
  340 1
  341 1
  342 1
  343 1
  344 1
  345 1
  346 1
  347 1
  348 1
  349 1
  350 1
  351 1
  352 1
  353 1
  354 1
  355 1
  356 1
  357 1
  358 1
  359 1
EOF
