VRPTEST 1.0
COMMENT: descr: Modified tsplib for the OBP
COMMENT: Best known objective: 3635.814
COMMENT: Computational time (s): 749.756207
NAME: c453_ba9c
NUM_CAPACITIES: 1
NUM_VISITS: 453
NUM_VEHICLES: 19
CAPACITIES: 11
DATA_SECTION
DEPOTS
  0
  1
VISIT_LOCATION_SECTION
  2 843
  3 464
  4 1523
  5 1503
  6 1904
  7 848
  8 1818
  9 705
  10 1843
  11 883
  12 2040
  13 17
  14 1446
  15 1164
  16 292
  17 1978
  18 642
  19 8
  20 285
  21 2074
  22 946
  23 856
  24 1766
  25 2058
  26 1046
  27 967
  28 1928
  29 1205
  30 1486
  31 1287
  32 735
  33 1663
  34 1374
  35 445
  36 2054
  37 1740
  38 801
  39 435
  40 1003
  41 1961
  42 571
  43 750
  44 1326
  45 1458
  46 2162
  47 1604
  48 907
  49 4
  50 1030
  51 1254
  52 501
  53 1767
  54 2117
  55 1574
  56 161
  57 1996
  58 1483
  59 1986
  60 847
  61 938
  62 304
  63 1861
  64 1242
  65 1179
  66 1248
  67 1505
  68 511
  69 1127
  70 421
  71 277
  72 2047
  73 1962
  74 741
  75 716
  76 1927
  77 336
  78 2127
  79 1093
  80 116
  81 854
  82 1935
  83 1571
  84 1201
  85 1391
  86 809
  87 1404
  88 1414
  89 1113
  90 2032
  91 1380
  92 1081
  93 873
  94 1774
  95 1710
  96 1507
  97 447
  98 1344
  99 2079
  100 26
  101 858
  102 2092
  103 143
  104 952
  105 1901
  106 346
  107 144
  108 72
  109 1228
  110 547
  111 1198
  112 1288
  113 1104
  114 1931
  115 1273
  116 1441
  117 999
  118 1245
  119 1484
  120 622
  121 1283
  122 364
  123 1044
  124 1908
  125 1893
  126 1177
  127 998
  128 983
  129 172
  130 344
  131 1471
  132 529
  133 2147
  134 47
  135 351
  136 812
  137 505
  138 961
  139 1112
  140 1039
  141 1837
  142 1557
  143 1577
  144 1130
  145 1345
  146 2146
  147 1049
  148 1771
  149 665
  150 790
  151 1947
  152 426
  153 455
  154 1894
  155 814
  156 687
  157 1645
  158 103
  159 1979
  160 1727
  161 2061
  162 368
  163 92
  164 576
  165 658
  166 1570
  167 1033
  168 822
  169 1576
  170 117
  171 839
  172 1621
  173 966
  174 1124
  175 1838
  176 139
  177 240
  178 562
  179 951
  180 1831
  181 314
  182 1192
  183 1841
  184 278
  185 800
  186 1436
  187 2159
  188 1736
  189 1222
  190 1886
  191 594
  192 1687
  193 428
  194 1990
  195 1720
  196 119
  197 730
  198 1941
  199 2110
  200 2078
  201 1386
  202 1101
  203 110
  204 1187
  205 1402
  206 465
  207 2141
  208 978
  209 646
  210 454
  211 1768
  212 1227
  213 690
  214 1792
  215 1779
  216 930
  217 1155
  218 1657
  219 1833
  220 317
  221 940
  222 1053
  223 1422
  224 970
  225 1662
  226 2081
  227 1055
  228 148
  229 492
  230 1158
  231 612
  232 1614
  233 898
  234 1009
  235 484
  236 41
  237 1110
  238 1970
  239 1678
  240 891
  241 381
  242 350
  243 1828
  244 101
  245 2010
  246 1675
  247 1260
  248 1695
  249 2072
  250 1656
  251 697
  252 1725
  253 1399
  254 424
  255 1691
  256 502
  257 2137
  258 1147
  259 1712
  260 681
  261 584
  262 541
  263 1360
  264 239
  265 1415
  266 325
  267 266
  268 1743
  269 1816
  270 36
  271 1339
  272 598
  273 450
  274 2046
  275 820
  276 916
  277 542
  278 1636
  279 77
  280 1495
  281 1562
  282 340
  283 1143
  284 1835
  285 15
  286 1626
  287 725
  288 1625
  289 2043
  290 375
  291 1863
  292 1136
  293 1915
  294 1262
  295 1677
  296 463
  297 20
  298 886
  299 1810
  300 863
  301 674
  302 1805
  303 59
  304 1690
  305 18
  306 1700
  307 1632
  308 334
  309 711
  310 2018
  311 1789
  312 249
  313 2063
  314 838
  315 1883
  316 263
  317 988
  318 2131
  319 1236
  320 1647
  321 1089
  322 1300
  323 442
  324 2065
  325 2121
  326 905
  327 159
  328 644
  329 1195
  330 1539
  331 537
  332 1319
  333 363
  334 1504
  335 1530
  336 742
  337 1717
  338 1558
  339 1432
  340 1305
  341 659
  342 1138
  343 2049
  344 251
  345 176
  346 1702
  347 255
  348 648
  349 1785
  350 1221
  351 1814
  352 703
  353 153
  354 572
  355 16
  356 536
  357 460
  358 1048
  359 1552
  360 269
  361 196
  362 2149
  363 913
  364 602
  365 2161
  366 1936
  367 1131
  368 1529
  369 86
  370 1759
  371 834
  372 2086
  373 469
  374 846
  375 1140
  376 1296
  377 817
  378 2026
  379 127
  380 79
  381 1252
  382 185
  383 1210
  384 470
  385 468
  386 652
  387 1668
  388 1748
  389 1371
  390 218
  391 764
  392 675
  393 462
  394 1272
  395 1724
  396 170
  397 532
  398 1010
  399 1243
  400 126
  401 915
  402 372
  403 1285
  404 488
  405 183
COMMENT: TIMESTEP: 1
ORDERS_SECTION
  1 2
  2 3 373
  3 4 5
  4 6 7 8
  5 9 125
  6 10 11
  7 12 13
  8 14 15 16
  9 17 18 19
  10 20 21 22
  11 23
  12 24 25 26
  13 27 33
  14 28
  15 29 30
  16 31 32 33
  17 34 35
  18 36 37
  19 38
  20 39 40
  21 41
  22 42 43 44
  23 45 46 232
  24 47 48 49
  25 50 51
  26 52
  27 53
  28 54 55 56 248
  29 57 58
  30 59 60
  31 61 62
  32 63 64 65
  33 66
  34 67 68 69
  35 70 71
  36 72 73 74 163
  37 75 76
  38 77 78 79
  39 80 81
  40 82 83
  41 84 85
  42 86 87
  43 88 89 90 383
  44 91 92 93
  45 94
  46 95 96
  47 97
  48 98 86
  49 99 100 101
  50 102 103 104
  51 105 106
  52 107 108
  53 109
  54 110 111
  55 112
  56 113 178
  57 114 115
  58 116
  59 117 118 119
  60 120 121 40
  61 122 123 124
  62 125 126
  63 127
  64 128 129 130
  65 131
  66 132
  67 133
  68 134 135 136
  69 137 138
  70 139 140 141
  71 142
  72 143 144 145
  73 146 147
  74 148 149 150
  75 151 152
  76 153 154 155
  77 156 157
  78 158 159 312
  79 160 317
  80 161 162 163
  81 164 165
  82 166 48 152
  83 167 168
  84 169 170 171
  85 172 173
  86 174
  87 175
  88 176 114 105
  89 177 178
  90 179 180
  91 181 182 183 132
  92 184 185 186
  93 187 188
  94 189 190 191 215
  95 192
  96 193 194
  97 195 196 197 117
  98 198 199
  99 200 201
  100 202 203 204
  101 205 206 207
  102 208 209 210
  103 211 212 213 352
  104 214
  105 215
  106 216
  107 217 218
  108 219
  109 220 219
  110 221
  111 222 223
  112 224 225 226
  113 227
  114 228 229 230
  115 231 232
  116 233 234 235
  117 236
  118 237
  119 238 239 332
  120 240 241 242
  121 243 244
  122 245
  123 246 247 248 193
  124 249
  125 250 251
  126 252 253 254 41
  127 255 256 257
  128 258
  129 259 260 261
  130 262 263 264 16
  131 265 266
  132 267
  133 268 338
  134 269 270 271
  135 272 273 274
  136 275 276 277
  137 278 279 280
  138 281
  139 282
  140 283 284 285
  141 286
  142 287 221 41
  143 288
  144 289
  145 290 291
  146 292 293 294
  147 295 296 297
  148 298 299 296 267 2
  149 300 301 302 177
  150 303 304
  151 305 306
  152 307 308
  153 309 310 311 170
  154 312 313
  155 314 349
  156 315 316
  157 317
  158 318 319 320
  159 321 322
  160 323 324 325
  161 326 327
  162 328 329 330 23
  163 331
  164 332 333 334
  165 335 336
  166 337 133 316 374
  167 338
  168 339
  169 340 187
  170 341
  171 342
  172 343 344 345
  173 346 347 348 91
  174 349 350 351 323
  175 352
  176 353 354
  177 355
  178 356 357
  179 358
  180 359 360
  181 361 362
  182 363 364 365 348
  183 366 367
  184 368 369 365 387
  185 370 371
  186 372 373 316 395
  187 374 375 376
  188 377 378 379
  189 380 381 76
  190 382
  191 383 384 385
  192 386 387 388
  193 389
  194 390 391 392
  195 393 394 395
  196 396
  197 397
  198 398 399 341
  199 400 401
  200 402 339
  201 403 404 405
TIME_AVAIL_SECTION
  1 1
  2 1
  3 1
  4 1
  5 1
  6 1
  7 1
  8 1
  9 1
  10 1
  11 1
  12 1
  13 1
  14 1
  15 1
  16 1
  17 1
  18 1
  19 1
  20 1
  21 1
  22 1
  23 1
  24 1
  25 1
  26 1
  27 1
  28 1
  29 1
  30 1
  31 1
  32 1
  33 1
  34 1
  35 1
  36 1
  37 1
  38 1
  39 1
  40 1
  41 1
  42 1
  43 1
  44 1
  45 1
  46 1
  47 1
  48 1
  49 1
  50 1
  51 1
  52 1
  53 1
  54 1
  55 1
  56 1
  57 1
  58 1
  59 1
  60 1
  61 1
  62 1
  63 1
  64 1
  65 1
  66 1
  67 1
  68 1
  69 1
  70 1
  71 1
  72 1
  73 1
  74 1
  75 1
  76 1
  77 1
  78 1
  79 1
  80 1
  81 1
  82 1
  83 1
  84 1
  85 1
  86 1
  87 1
  88 1
  89 1
  90 1
  91 1
  92 1
  93 1
  94 1
  95 1
  96 1
  97 1
  98 1
  99 1
  100 1
  101 1
  102 1
  103 1
  104 1
  105 1
  106 1
  107 1
  108 1
  109 1
  110 1
  111 1
  112 1
  113 1
  114 1
  115 1
  116 1
  117 1
  118 1
  119 1
  120 1
  121 1
  122 1
  123 1
  124 1
  125 1
  126 1
  127 1
  128 1
  129 1
  130 1
  131 1
  132 1
  133 1
  134 1
  135 1
  136 1
  137 1
  138 1
  139 1
  140 1
  141 1
  142 1
  143 1
  144 1
  145 1
  146 1
  147 1
  148 1
  149 1
  150 1
  151 1
  152 1
  153 1
  154 1
  155 1
  156 1
  157 1
  158 1
  159 1
  160 1
  161 1
  162 1
  163 1
  164 1
  165 1
  166 1
  167 1
  168 1
  169 1
  170 1
  171 1
  172 1
  173 1
  174 1
  175 1
  176 1
  177 1
  178 1
  179 1
  180 1
  181 1
  182 1
  183 1
  184 1
  185 1
  186 1
  187 1
  188 1
  189 1
  190 1
  191 1
  192 1
  193 1
  194 1
  195 1
  196 1
  197 1
  198 1
  199 1
  200 1
  201 1
EOF
