VRPTEST 1.0
COMMENT: descr: Modified tsplib for the OBP
COMMENT: Best known objective: 1462.434
COMMENT: Computational time (s): 125.666745
NAME: c274_0d2c
NUM_CAPACITIES: 1
NUM_VISITS: 274
NUM_VEHICLES: 6
CAPACITIES: 27
DATA_SECTION
DEPOTS
  0
  1
VISIT_LOCATION_SECTION
  2 2132
  3 474
  4 215
  5 809
  6 486
  7 1565
  8 232
  9 992
  10 738
  11 1550
  12 392
  13 1541
  14 1269
  15 374
  16 630
  17 631
  18 748
  19 1056
  20 867
  21 243
  22 1465
  23 21
  24 968
  25 1663
  26 1105
  27 1557
  28 211
  29 1660
  30 344
  31 11
  32 67
  33 1494
  34 301
  35 1385
  36 1945
  37 1632
  38 309
  39 1677
  40 433
  41 345
  42 165
  43 1205
  44 872
  45 616
  46 1057
  47 1763
  48 1924
  49 1376
  50 1625
  51 22
  52 552
  53 985
  54 590
  55 1041
  56 362
  57 542
  58 1983
  59 1995
  60 2142
  61 1626
  62 220
  63 250
  64 1990
  65 1099
  66 1804
  67 570
  68 1512
  69 781
  70 75
  71 2112
  72 1424
  73 1230
  74 1638
  75 1189
  76 2041
  77 379
  78 2065
  79 1242
  80 259
  81 1643
  82 823
  83 1210
  84 733
  85 644
  86 1360
  87 2130
  88 1196
  89 432
  90 640
  91 1410
  92 396
  93 1146
  94 776
  95 1562
  96 1662
  97 276
  98 997
  99 300
  100 285
  101 86
  102 1680
  103 1055
  104 492
  105 925
  106 1174
  107 680
  108 1139
  109 20
  110 1538
  111 24
  112 2055
  113 588
  114 1776
  115 829
  116 1176
  117 785
  118 119
  119 608
  120 63
  121 1172
  122 1266
  123 27
  124 1039
  125 1060
  126 1155
  127 764
  128 1883
  129 210
  130 1911
  131 532
  132 1606
  133 1709
  134 1546
  135 801
  136 1686
  137 863
  138 1603
  139 2133
  140 43
  141 891
  142 871
  143 692
  144 2048
  145 2153
  146 1324
  147 1413
  148 1678
  149 786
  150 916
  151 23
  152 111
  153 1778
  154 1831
  155 613
  156 665
  157 606
  158 269
  159 1142
  160 2092
  161 689
  162 558
  163 284
  164 502
  165 2094
  166 752
  167 1054
  168 426
  169 956
  170 1390
  171 774
  172 74
  173 782
  174 1910
  175 750
  176 882
  177 904
  178 1560
  179 1507
  180 1645
  181 205
  182 920
  183 647
  184 1454
  185 697
  186 2038
  187 1790
  188 1305
  189 382
  190 445
  191 1477
  192 1751
  193 1544
  194 728
  195 1292
  196 1353
  197 2007
  198 1207
  199 922
  200 146
  201 378
  202 325
  203 619
  204 1406
  205 1231
  206 1483
  207 1481
  208 142
  209 434
  210 1325
  211 451
  212 1488
  213 998
  214 1669
  215 1602
  216 417
  217 79
  218 598
  219 317
  220 1710
  221 2141
  222 668
  223 1366
  224 1505
  225 1489
  226 935
  227 1336
  228 1369
  229 57
  230 701
  231 551
  232 225
  233 357
  234 1450
  235 1281
  236 2150
  237 1096
  238 1086
  239 479
  240 19
  241 128
COMMENT: TIMESTEP: 1
ORDERS_SECTION
  1 2
  2 3 4
  3 5
  4 6
  5 7 8
  6 9 10 61
  7 11
  8 12 13 230
  9 14 15
  10 16 17
  11 18
  12 19 20
  13 21
  14 22
  15 23 24
  16 25 26
  17 27
  18 28 29 178
  19 30 31
  20 32
  21 33
  22 34 35
  23 36 37 202
  24 38 39
  25 40 41 159
  26 42
  27 43
  28 44 45 235
  29 46 47
  30 48
  31 49
  32 50
  33 51 52
  34 53
  35 54 131
  36 55
  37 56 57 43
  38 58 59
  39 60
  40 61 62
  41 63 230
  42 64
  43 65
  44 66 67
  45 68 69
  46 70
  47 71
  48 72
  49 73
  50 74 75
  51 76 117
  52 77 78 239
  53 79
  54 80 81
  55 82
  56 83 84 11
  57 85
  58 86 87
  59 88 89 106
  60 90
  61 91 92
  62 93
  63 94 95
  64 96
  65 97 98
  66 99
  67 100 101
  68 102 103
  69 104 105
  70 106
  71 107 108
  72 109
  73 110
  74 111 112
  75 113
  76 114
  77 115
  78 116 117
  79 118 119 134 79
  80 120 121
  81 122 123 141
  82 124 125
  83 126 127
  84 128 129
  85 130
  86 131 132
  87 133 134
  88 135 136
  89 137 138
  90 139 140
  91 141 178
  92 142 143 236
  93 144 145
  94 146 81
  95 147 148
  96 149
  97 150 151
  98 152
  99 153 154
  100 155 5
  101 156 157
  102 158 2
  103 159
  104 160 161
  105 162 163
  106 164 165 180
  107 166 167
  108 168
  109 169 170
  110 171 172
  111 173
  112 174 175
  113 176
  114 177 178
  115 179
  116 180
  117 181 182
  118 183 22
  119 184 185 40
  120 186
  121 187 188
  122 189 190
  123 191
  124 192
  125 193 235
  126 194 195
  127 196 117
  128 197 198
  129 199 77
  130 200 201
  131 202
  132 203
  133 204 205 189
  134 206 207 73
  135 208
  136 209 210
  137 211 212
  138 213
  139 214 215
  140 216 148
  141 217 218
  142 219 220
  143 221 222
  144 223
  145 224 225
  146 226
  147 227
  148 228 229
  149 230 134
  150 231 232 198
  151 233 234
  152 235 76
  153 236
  154 237 238 213
  155 239
  156 240
  157 241
TIME_AVAIL_SECTION
  1 1
  2 1
  3 1
  4 1
  5 1
  6 1
  7 1
  8 1
  9 1
  10 1
  11 1
  12 1
  13 1
  14 1
  15 1
  16 1
  17 1
  18 1
  19 1
  20 1
  21 1
  22 1
  23 1
  24 1
  25 1
  26 1
  27 1
  28 1
  29 1
  30 1
  31 1
  32 1
  33 1
  34 1
  35 1
  36 1
  37 1
  38 1
  39 1
  40 1
  41 1
  42 1
  43 1
  44 1
  45 1
  46 1
  47 1
  48 1
  49 1
  50 1
  51 1
  52 1
  53 1
  54 1
  55 1
  56 1
  57 1
  58 1
  59 1
  60 1
  61 1
  62 1
  63 1
  64 1
  65 1
  66 1
  67 1
  68 1
  69 1
  70 1
  71 1
  72 1
  73 1
  74 1
  75 1
  76 1
  77 1
  78 1
  79 1
  80 1
  81 1
  82 1
  83 1
  84 1
  85 1
  86 1
  87 1
  88 1
  89 1
  90 1
  91 1
  92 1
  93 1
  94 1
  95 1
  96 1
  97 1
  98 1
  99 1
  100 1
  101 1
  102 1
  103 1
  104 1
  105 1
  106 1
  107 1
  108 1
  109 1
  110 1
  111 1
  112 1
  113 1
  114 1
  115 1
  116 1
  117 1
  118 1
  119 1
  120 1
  121 1
  122 1
  123 1
  124 1
  125 1
  126 1
  127 1
  128 1
  129 1
  130 1
  131 1
  132 1
  133 1
  134 1
  135 1
  136 1
  137 1
  138 1
  139 1
  140 1
  141 1
  142 1
  143 1
  144 1
  145 1
  146 1
  147 1
  148 1
  149 1
  150 1
  151 1
  152 1
  153 1
  154 1
  155 1
  156 1
  157 1
EOF
