VRPTEST 1.0
COMMENT: descr: Modified tsplib for the OBP
COMMENT: Best known objective: 2696.562
COMMENT: Computational time (s): 207.99869999999996
NAME: c338_be6d
NUM_CAPACITIES: 1
NUM_VISITS: 338
NUM_VEHICLES: 14
CAPACITIES: 11
DATA_SECTION
DEPOTS
  0
  1
VISIT_LOCATION_SECTION
  2 158
  3 1665
  4 404
  5 1465
  6 417
  7 859
  8 857
  9 463
  10 550
  11 1993
  12 2073
  13 968
  14 41
  15 16
  16 1821
  17 1814
  18 1524
  19 2144
  20 1247
  21 919
  22 1190
  23 2076
  24 365
  25 2028
  26 1323
  27 882
  28 1544
  29 1283
  30 406
  31 1981
  32 1200
  33 1786
  34 421
  35 148
  36 992
  37 1798
  38 1487
  39 162
  40 1935
  41 369
  42 1332
  43 3
  44 959
  45 721
  46 107
  47 1464
  48 883
  49 750
  50 1450
  51 1705
  52 1211
  53 1443
  54 922
  55 230
  56 1111
  57 317
  58 1893
  59 687
  60 325
  61 627
  62 890
  63 1301
  64 668
  65 2165
  66 84
  67 1947
  68 79
  69 1489
  70 787
  71 163
  72 234
  73 2090
  74 1281
  75 1677
  76 241
  77 10
  78 1150
  79 1718
  80 1325
  81 1380
  82 503
  83 1982
  84 2119
  85 1214
  86 1793
  87 1388
  88 498
  89 761
  90 773
  91 772
  92 50
  93 200
  94 1398
  95 1972
  96 2032
  97 2053
  98 1519
  99 683
  100 838
  101 2132
  102 549
  103 1918
  104 1227
  105 1866
  106 1118
  107 2112
  108 2059
  109 592
  110 387
  111 1955
  112 2152
  113 1828
  114 513
  115 108
  116 1938
  117 728
  118 1583
  119 1255
  120 1922
  121 450
  122 1888
  123 375
  124 2069
  125 1547
  126 251
  127 666
  128 1407
  129 1989
  130 1455
  131 1205
  132 1552
  133 644
  134 933
  135 1886
  136 1751
  137 1482
  138 1132
  139 1201
  140 246
  141 1032
  142 1207
  143 400
  144 617
  145 2081
  146 909
  147 415
  148 1262
  149 943
  150 1274
  151 510
  152 1087
  153 1849
  154 1436
  155 1604
  156 430
  157 1343
  158 25
  159 2137
  160 964
  161 1427
  162 1501
  163 197
  164 1467
  165 1459
  166 110
  167 101
  168 1310
  169 1320
  170 133
  171 1447
  172 2045
  173 662
  174 1685
  175 1526
  176 1336
  177 1683
  178 171
  179 54
  180 1514
  181 496
  182 832
  183 213
  184 1941
  185 1711
  186 1867
  187 1020
  188 1258
  189 42
  190 1438
  191 285
  192 1647
  193 45
  194 1851
  195 1865
  196 1833
  197 522
  198 1299
  199 1428
  200 1481
  201 791
  202 548
  203 68
  204 212
  205 1278
  206 1103
  207 817
  208 786
  209 199
  210 820
  211 1279
  212 1230
  213 2131
  214 1298
  215 1990
  216 1931
  217 239
  218 937
  219 390
  220 669
  221 1308
  222 90
  223 864
  224 1495
  225 790
  226 925
  227 1856
  228 624
  229 169
  230 1894
  231 956
  232 501
  233 215
  234 1917
  235 677
  236 1739
  237 1377
  238 2040
  239 774
  240 995
  241 514
  242 560
  243 1778
  244 442
  245 1040
  246 1385
  247 296
  248 159
  249 420
  250 2142
  251 86
  252 1854
  253 979
  254 1193
  255 470
  256 2154
  257 887
  258 1322
  259 1084
  260 1192
  261 2077
  262 641
  263 1010
  264 1140
  265 2105
  266 440
  267 2113
  268 551
  269 813
  270 1662
  271 1287
  272 517
  273 1986
  274 976
  275 601
  276 1389
  277 1456
  278 1569
  279 1537
  280 935
  281 67
  282 841
  283 279
  284 1129
  285 1684
  286 2147
  287 1666
  288 602
  289 1562
  290 1429
  291 18
  292 532
  293 473
  294 1439
  295 2011
  296 441
  297 1742
  298 1932
  299 1921
  300 92
  301 1871
  302 1066
  303 1095
  304 358
  305 1995
  306 913
  307 1473
  308 2047
  309 1780
  310 1846
  311 483
  312 257
  313 650
  314 323
  315 2017
  316 1313
COMMENT: TIMESTEP: 1
ORDERS_SECTION
  1 2 3 4
  2 5 6 7
  3 8 9
  4 10 11
  5 12
  6 13 14 15
  7 16
  8 17
  9 18
  10 19 20 21
  11 22
  12 23 24 25
  13 26
  14 27 28
  15 29 30
  16 31 32 33
  17 34 206
  18 35 36 37
  19 38 39 40
  20 41 42
  21 43
  22 44 45 84
  23 46 47
  24 48
  25 49 50
  26 51 52 53
  27 54 55
  28 56 57 57
  29 58 59 60
  30 61
  31 62 63 295
  32 64 65 66
  33 67 68
  34 69 70 71
  35 72 73 74 220
  36 75 76 77
  37 78 79 80
  38 81 82 268
  39 83 84 85
  40 86 87
  41 88
  42 89 90
  43 91
  44 92
  45 93 94 95
  46 96 97 98
  47 99 100
  48 101 102 103
  49 104 105 258
  50 106 107 108
  51 109 110
  52 111 112 113
  53 114 115
  54 116 117 118 294
  55 119
  56 120
  57 121 197
  58 122 123
  59 124 17
  60 125
  61 126 127
  62 128 129 130
  63 131 132 133
  64 134 135 136 175
  65 137 138 139
  66 140 141 142
  67 143 144 145
  68 146 147 148 184
  69 149
  70 150 151 152
  71 153 154
  72 155 156 157
  73 158 159
  74 160 161 162
  75 163 164 165 240
  76 166 167 168
  77 169
  78 170 171
  79 172 173
  80 174 175 121
  81 176
  82 177 178 179
  83 180 181
  84 182 183
  85 184 185
  86 186
  87 187 188 189
  88 190 191
  89 192
  90 193 194 195
  91 196 197 198
  92 199 200
  93 201
  94 202 203 204
  95 205 206 207
  96 208 209
  97 210 211 133 234
  98 212 213
  99 214 215 216
  100 217 218
  101 219
  102 220
  103 221 222
  104 223 224 225
  105 226 227 228
  106 229 230 231
  107 232 233 234
  108 235 236 237
  109 238
  110 239 240 241
  111 242 243 244 196
  112 245 246 247
  113 248 249
  114 250
  115 251 252 253
  116 254 255 256
  117 257 258 17
  118 259 260
  119 261 262
  120 263
  121 264
  122 265 266
  123 267 268
  124 269 270 271
  125 272
  126 273 274
  127 275 276
  128 277
  129 278
  130 279
  131 280 281 185 125
  132 282 283
  133 284 285 286 92
  134 287 288
  135 289
  136 290 291
  137 292 293
  138 294 295 296
  139 297 298
  140 299
  141 300 301 302
  142 303 304
  143 305 306
  144 307 308 309
  145 310
  146 311
  147 312 313 143
  148 314 315 316 172
TIME_AVAIL_SECTION
  1 1
  2 1
  3 1
  4 1
  5 1
  6 1
  7 1
  8 1
  9 1
  10 1
  11 1
  12 1
  13 1
  14 1
  15 1
  16 1
  17 1
  18 1
  19 1
  20 1
  21 1
  22 1
  23 1
  24 1
  25 1
  26 1
  27 1
  28 1
  29 1
  30 1
  31 1
  32 1
  33 1
  34 1
  35 1
  36 1
  37 1
  38 1
  39 1
  40 1
  41 1
  42 1
  43 1
  44 1
  45 1
  46 1
  47 1
  48 1
  49 1
  50 1
  51 1
  52 1
  53 1
  54 1
  55 1
  56 1
  57 1
  58 1
  59 1
  60 1
  61 1
  62 1
  63 1
  64 1
  65 1
  66 1
  67 1
  68 1
  69 1
  70 1
  71 1
  72 1
  73 1
  74 1
  75 1
  76 1
  77 1
  78 1
  79 1
  80 1
  81 1
  82 1
  83 1
  84 1
  85 1
  86 1
  87 1
  88 1
  89 1
  90 1
  91 1
  92 1
  93 1
  94 1
  95 1
  96 1
  97 1
  98 1
  99 1
  100 1
  101 1
  102 1
  103 1
  104 1
  105 1
  106 1
  107 1
  108 1
  109 1
  110 1
  111 1
  112 1
  113 1
  114 1
  115 1
  116 1
  117 1
  118 1
  119 1
  120 1
  121 1
  122 1
  123 1
  124 1
  125 1
  126 1
  127 1
  128 1
  129 1
  130 1
  131 1
  132 1
  133 1
  134 1
  135 1
  136 1
  137 1
  138 1
  139 1
  140 1
  141 1
  142 1
  143 1
  144 1
  145 1
  146 1
  147 1
  148 1
EOF
