VRPTEST 1.0
COMMENT: descr: Modified tsplib for the OBP
COMMENT: Best known objective: 1482.332
COMMENT: Computational time (s): 43.993224000000005
NAME: c258_e775
NUM_CAPACITIES: 1
NUM_VISITS: 258
NUM_VEHICLES: 6
CAPACITIES: 28
DATA_SECTION
DEPOTS
  0
  1
VISIT_LOCATION_SECTION
  2 739
  3 1544
  4 1298
  5 1088
  6 519
  7 2109
  8 2047
  9 526
  10 1070
  11 1705
  12 429
  13 678
  14 1092
  15 397
  16 1644
  17 169
  18 708
  19 1336
  20 581
  21 489
  22 1044
  23 1713
  24 143
  25 995
  26 1422
  27 1255
  28 1388
  29 778
  30 1695
  31 1032
  32 23
  33 1514
  34 1478
  35 627
  36 2033
  37 985
  38 1101
  39 371
  40 1918
  41 1938
  42 1322
  43 844
  44 872
  45 898
  46 748
  47 2043
  48 690
  49 149
  50 1961
  51 906
  52 935
  53 281
  54 2016
  55 1664
  56 1699
  57 122
  58 1753
  59 622
  60 396
  61 570
  62 1020
  63 1157
  64 193
  65 1351
  66 471
  67 2017
  68 1108
  69 1233
  70 1491
  71 494
  72 590
  73 2066
  74 854
  75 988
  76 1585
  77 1271
  78 549
  79 834
  80 1835
  81 1878
  82 103
  83 1781
  84 928
  85 198
  86 2001
  87 1635
  88 25
  89 341
  90 693
  91 552
  92 205
  93 18
  94 1700
  95 393
  96 564
  97 1740
  98 930
  99 380
  100 1636
  101 965
  102 72
  103 1291
  104 2
  105 1008
  106 968
  107 713
  108 2090
  109 785
  110 804
  111 1231
  112 735
  113 226
  114 1358
  115 197
  116 698
  117 1507
  118 1484
  119 2163
  120 1130
  121 259
  122 2025
  123 1245
  124 669
  125 896
  126 871
  127 1747
  128 1473
  129 867
  130 1602
  131 1556
  132 755
  133 1746
  134 1990
  135 1050
  136 1453
  137 2134
  138 1262
  139 960
  140 1590
  141 1481
  142 1133
  143 1368
  144 1102
  145 1501
  146 1211
  147 1439
  148 1302
  149 416
  150 1702
  151 174
  152 1679
  153 313
  154 352
  155 1378
  156 762
  157 1800
  158 181
  159 514
  160 2169
  161 1503
  162 662
  163 1894
  164 253
  165 1805
  166 1569
  167 2045
  168 1145
  169 1053
  170 1755
  171 1464
  172 1477
  173 81
  174 362
  175 828
  176 250
  177 1059
  178 161
  179 954
  180 1203
  181 1931
  182 1434
  183 833
  184 1682
  185 1748
  186 79
  187 407
  188 373
  189 1031
  190 2115
  191 1387
  192 1913
  193 309
  194 1742
  195 1793
  196 2012
  197 1543
  198 211
  199 379
  200 1112
  201 338
  202 1081
  203 2057
  204 2133
  205 1730
  206 71
  207 1207
  208 1089
  209 1789
  210 1279
  211 1363
  212 1991
  213 597
  214 2157
  215 1584
  216 1965
  217 1261
  218 1448
  219 511
  220 1855
  221 700
  222 1838
  223 44
  224 221
  225 1470
  226 1335
  227 199
  228 1280
  229 974
  230 1573
  231 67
  232 111
  233 1650
  234 731
  235 467
  236 2002
  237 1868
  238 33
  239 583
COMMENT: TIMESTEP: 1
ORDERS_SECTION
  1 2
  2 3
  3 4
  4 5 6
  5 7
  6 8 40
  7 9 10
  8 11 12
  9 13
  10 14
  11 15
  12 16
  13 17
  14 18
  15 19 20
  16 21 22
  17 23 24
  18 25 26
  19 27 28 200
  20 29
  21 30 31
  22 32
  23 33 34
  24 35 36
  25 37 38
  26 39 40
  27 41 42
  28 43 44
  29 45 46
  30 47
  31 48
  32 49
  33 50
  34 51
  35 52 53 85
  36 54 55
  37 56
  38 57
  39 58 59 51
  40 60
  41 61 228
  42 62
  43 63 64
  44 65
  45 66
  46 67
  47 68
  48 69 70
  49 71
  50 72
  51 73 74
  52 75
  53 76 77
  54 78
  55 79
  56 80
  57 81 82
  58 83 84
  59 85 79
  60 86 87
  61 88 89
  62 90
  63 91 92 185
  64 93 94
  65 95 96
  66 97
  67 98 22
  68 99 100
  69 101
  70 102 103
  71 104
  72 105 106 208 175
  73 107
  74 108
  75 109 110
  76 111 112
  77 113 114
  78 115
  79 116 117
  80 118 119
  81 120 121
  82 122
  83 123
  84 124 92
  85 125
  86 126 127 149
  87 128 129
  88 130 131 113
  89 132 133
  90 134
  91 135 136
  92 137 138
  93 139
  94 140 147
  95 141
  96 142
  97 143 144
  98 145 146
  99 147 148
  100 149
  101 150
  102 151
  103 152
  104 153 154
  105 155 156
  106 157
  107 158 159
  108 160 161
  109 162 163
  110 164 165 87
  111 166
  112 167
  113 168
  114 169
  115 170
  116 171
  117 172
  118 173 174
  119 175 176
  120 177
  121 178
  122 179
  123 180 181
  124 182 183
  125 184 185
  126 186 187
  127 188 189
  128 190 191
  129 192 193 134
  130 194 195 112
  131 196 197
  132 198 199 13
  133 200
  134 201 202
  135 203 204
  136 205
  137 206
  138 207 208
  139 209 210 189
  140 211 212
  141 213
  142 214
  143 215 216
  144 217 218 209
  145 219
  146 220 221
  147 222 223
  148 224 225
  149 226
  150 227 228
  151 229 230
  152 231 232
  153 233 234
  154 235 236
  155 237
  156 238 239
TIME_AVAIL_SECTION
  1 1
  2 1
  3 1
  4 1
  5 1
  6 1
  7 1
  8 1
  9 1
  10 1
  11 1
  12 1
  13 1
  14 1
  15 1
  16 1
  17 1
  18 1
  19 1
  20 1
  21 1
  22 1
  23 1
  24 1
  25 1
  26 1
  27 1
  28 1
  29 1
  30 1
  31 1
  32 1
  33 1
  34 1
  35 1
  36 1
  37 1
  38 1
  39 1
  40 1
  41 1
  42 1
  43 1
  44 1
  45 1
  46 1
  47 1
  48 1
  49 1
  50 1
  51 1
  52 1
  53 1
  54 1
  55 1
  56 1
  57 1
  58 1
  59 1
  60 1
  61 1
  62 1
  63 1
  64 1
  65 1
  66 1
  67 1
  68 1
  69 1
  70 1
  71 1
  72 1
  73 1
  74 1
  75 1
  76 1
  77 1
  78 1
  79 1
  80 1
  81 1
  82 1
  83 1
  84 1
  85 1
  86 1
  87 1
  88 1
  89 1
  90 1
  91 1
  92 1
  93 1
  94 1
  95 1
  96 1
  97 1
  98 1
  99 1
  100 1
  101 1
  102 1
  103 1
  104 1
  105 1
  106 1
  107 1
  108 1
  109 1
  110 1
  111 1
  112 1
  113 1
  114 1
  115 1
  116 1
  117 1
  118 1
  119 1
  120 1
  121 1
  122 1
  123 1
  124 1
  125 1
  126 1
  127 1
  128 1
  129 1
  130 1
  131 1
  132 1
  133 1
  134 1
  135 1
  136 1
  137 1
  138 1
  139 1
  140 1
  141 1
  142 1
  143 1
  144 1
  145 1
  146 1
  147 1
  148 1
  149 1
  150 1
  151 1
  152 1
  153 1
  154 1
  155 1
  156 1
EOF
